-0.075571283698,-0.122436508536,0.168995723128,-0.329154700041,-0.040076754987,0.397890955210,-0.048513501883,-0.185342594981,-0.062732994556,-0.418838858604,0.039690688252,0.074681572616,-0.296440720558,-0.359963506460,0.107173815370,-0.153979077935,-0.201767668128,0.271944075823,0.100253865123,-0.174158334732,0.202135056257,-0.094619438052,-0.008987756446,0.045416429639,-0.545801281929,0.377182155848,0.153384909034,-0.128610372543,-0.001325210207,0.051949817687,0.087921544909,-0.017666002735,0.009758542292,-0.207842722535,-0.207797095180,0.047993216664,-0.472652465105,0.250225663185,-0.075598366559,0.009963070042,-0.261256098747,-0.177895471454,-0.020006977022,0.039767052978,0.324880808592,0.004479270428,0.113900274038,0.151030108333,0.008796317503,1.029980421066,0.016574172303,-0.012706233189,0.049735218287,-0.063988581300,0.110964223742,0.190204486251,0.504602074623,0.536475181580,-0.323330491781,0.053435347974,-0.291148781776,-0.372219473124,-0.102295741439,-0.208964973688,-0.051563370973,-0.115168847144,0.148423925042,-0.034043584019,-0.395676434040,0.099751576781,-0.235371798277,-0.231324717402,-0.058035906404,0.128697201610,0.196327477694,-0.112603135407,0.111482374370,0.075225807726,0.091485150158,0.600125610828,-0.107377409935,-0.314379543066,-0.007673181128,-0.276406019926,-0.070150114596,0.172684356570,0.094254039228,0.376901924610,-0.225401371717,-0.192778602242,-0.024117119610,0.377923339605,0.206460401416,-0.060570668429,0.004011425655,-0.860813558102,0.166718512774,-0.083167240024,0.030408466235,-0.275418639183,0.014858083799,-0.168041661382,0.071354873478,-0.055139161646,-0.139942616224,-0.100202001631,0.206214249134,-0.257112562656,0.077248364687,0.095324128866,0.031065315008,-0.031008997932,-0.479061037302,-1.506602287292,-0.500963687897,0.101381182671,0.075145840645,-0.178870573640,0.305634140968,0.090857267380,0.007766784169,-0.040314048529,0.036680314690,0.018739797175,-0.039482641965,0.063152447343,0.302386790514,0.088746018708
0.619719862938,0.017597863451,0.734742760658,0.370075613260,-0.293593525887,0.236609384418,0.103938542306,-0.036864046007,-0.227559715509,0.069157347083,0.202254697680,0.392790675163,-0.177203550935,0.105836763978,-0.125302985311,-0.153328225017,-0.122421979904,-0.452928423882,0.023078436032,-0.052619993687,0.032270099968,0.166078597307,0.043114490807,0.072259820998,-0.570027589798,0.016546092927,0.150355145335,-0.016378339380,-0.022392304614,-0.048378083855,-0.018760873005,-0.048658456653,-0.039478909224,-0.433526158333,0.179407775402,0.085159935057,0.061658825725,-0.223608136177,0.419943481684,0.027456095442,-0.514759361744,-0.231030777097,-0.181933149695,-0.022562382743,-0.026274902746,-0.340729355812,-0.015211950988,-0.128638103604,-0.060988746583,-0.173958212137,-0.105534315109,0.205526486039,0.056555382907,0.104945890605,-0.123452544212,-0.512608766556,0.418927490711,-0.412871807814,-0.000175227688,0.153263956308,0.070017799735,0.139888912439,-0.072266981006,-0.158368676901,-0.447196930647,-0.012504416518,-0.282342642546,0.088478945196,0.148172140121,0.049616944045,0.154533967376,-0.171338453889,-0.002817741595,-0.034765977412,-0.110831849277,-0.048305030912,0.340132445097,0.179712250829,0.256014794111,0.226966634393,1.053493499756,0.225659281015,-0.071985505521,-0.081550203264,-0.035179339349,0.366048753262,-0.101610057056,-0.013934279792,0.252447664738,0.110249027610,0.389175355434,-0.244303509593,0.252347797155,-0.095882162452,0.150511592627,0.026682114229,-0.013388212770,0.025291185826,-0.242689162493,-0.059213366359,-0.148596748710,0.004746699240,-0.017605939880,-0.125219210982,-0.045435346663,-0.042318776250,0.003838283475,-0.114881359041,0.176252618432,-0.004469740670,0.288513988256,0.133968606591,-0.174341887236,0.376029491425,-0.110456906259,-0.071023255587,-0.021948602051,-0.445784419775,0.251652449369,-0.080474011600,-0.053027085960,-0.045826263726,0.355947166681,0.349909543991,0.191877827048,-0.107155077159,-0.089583240449,0.067674748600
0.199251219630,-0.250241935253,-0.173624798656,0.100394606590,0.617560267448,-0.182550072670,0.023347595707,0.062592238188,-0.136959016323,0.055228043348,-0.206898614764,0.419459193945,-0.046785864979,-0.086774311960,0.003440784756,0.019356163219,-0.513872563839,0.081279903650,0.123918771744,-0.125729218125,-0.083223976195,0.234184488654,-0.167697191238,-0.398754060268,-0.003814951517,0.115381501615,0.355448991060,-0.005335672293,0.088888153434,-0.115202702582,0.045383598655,-0.004897176754,-0.277615666389,0.296748995781,-0.057406976819,-0.240906745195,-0.105853512883,0.241283982992,-0.049389842898,0.102700471878,-0.054893016815,0.049584794790,0.070817701519,0.354345142841,0.147347807884,0.315002143383,0.032117810100,-0.289653241634,0.127856805921,0.123842522502,-0.117042772472,-0.074397884309,-0.146500393748,0.002633336233,-0.100087322295,0.138382539153,0.195299908519,-0.054826214910,-0.043936088681,-0.006183023099,0.015449672937,-0.379910081625,-0.196192488074,0.009001295082,-0.030200522393,-0.067763961852,-0.067226096988,-0.063372649252,0.025894960389,-0.209318280220,-0.031456906348,-0.186519458890,0.012536906637,0.040949206799,0.019952226430,0.094133444130,0.054309464991,0.048302609473,-0.151738181710,0.076875708997,-0.167300060391,-0.023182045668,0.074243813753,-0.421532452106,0.159926250577,0.110236801207,0.151842758060,0.119447402656,-0.189978107810,0.194951951504,-0.032700974494,0.499031156301,0.142468214035,-0.158851265907,-0.076597407460,0.120516858995,0.095837265253,-0.162301540375,0.007027108688,0.018393464386,0.251134425402,-0.221120566130,0.715397119522,0.065370462835,-0.046077936888,-0.039847720414,0.257624715567,0.485047876835,-0.228150725365,0.363676905632,-0.332570135593,0.163839459419,-0.244697198272,0.180894538760,-0.120007991791,-0.070379354060,0.031752057374,-0.192989572883,-0.052760343999,-0.038226075470,-0.119321256876,-0.298865646124,-0.017447920516,-0.104764387012,0.190259814262,-0.053458884358,-0.178951397538,-0.017305864021
-0.228113144636,0.220101073384,0.225568458438,0.155608817935,0.042620010674,0.110403157771,0.200006723404,0.123240254819,-0.032361764461,0.137450203300,0.121829390526,-0.006891678087,-0.069447398186,-0.044485550374,-0.004216164351,-0.238388970494,0.092432819307,0.115906745195,-0.049409531057,0.001323381905,0.155930802226,-0.008034877479,0.051562506706,-0.115872003138,-0.114594161510,0.078947126865,0.018475119025,0.024977320805,0.002958399244,-0.033756185323,-0.009740838781,0.164787620306,-0.267101556063,-0.052346538752,-0.020533287898,-0.042681671679,0.100781187415,-0.111477114260,-0.001023803954,-0.371902376413,-0.096613675356,0.126885250211,0.026245310903,0.155376419425,-0.090045399964,0.037382308394,0.004514243919,-0.098907530308,0.058500017971,-0.191413909197,0.028298895806,0.004032182042,-0.004040356725,-0.007368700113,-0.155248120427,0.177777722478,0.027311835438,-0.136063024402,0.110660217702,-0.039148420095,-0.000717090792,0.062180802226,0.054939474910,-0.197430819273,0.059529311955,0.032310143113,0.127923727036,-0.396289199591,0.337605834007,0.020718807355,-0.157571017742,-0.274249047041,0.005488069262,0.028159655631,0.065203405917,-0.028390882537,0.059662606567,0.110732309520,0.124239563942,-0.104403719306,-0.335139840841,0.040718108416,-0.020843349397,0.123849913478,0.048129595816,0.077843926847,-0.197357684374,-0.250355780125,0.043574631214,0.090356528759,0.066442243755,-0.062380827963,0.112083680928,-0.040700100362,0.046655349433,-0.156256601214,0.122241050005,0.072750620544,-0.001628275728,0.176064714789,-0.097871221602,0.212396979332,-0.029942909256,0.135351881385,-0.200598120689,0.033247943968,0.179856181145,0.060148604214,-0.126502647996,-0.063286982477,-0.013335806318,0.129092782736,0.141618356109,0.348471730947,0.137351840734,-0.002950818744,-0.047915793955,-0.004742772318,-0.085233673453,-0.055403873324,0.127495825291,0.050343304873,-0.320904940367,-0.132989749312,-0.089897304773,-0.128441140056,-0.082014143467,0.067658886313
0.182746067643,-0.228994712234,-0.112868465483,0.097101084888,-0.090928271413,0.175059273839,0.673982560635,0.031732000411,0.079018741846,-0.621837258339,0.081330709159,-0.426388680935,0.113059565425,0.010210664943,0.077525846660,-0.042729467154,-0.033779945225,-0.475549906492,-0.325608491898,-0.095332741737,-0.123367711902,0.129601687193,0.021925549954,-0.217659205198,-0.162833303213,-0.225515872240,0.001759221428,0.024390442297,0.023238506168,-0.058450222015,0.094547778368,-0.814004063606,0.017346156761,0.505599200726,-0.089631497860,-0.452729910612,-0.028547253460,-0.054162509739,0.061635199934,0.138429656625,-0.386873453856,-0.200678348541,-0.097211703658,-0.139771506190,0.328901082277,-0.584654211998,0.004528152756,-0.253093153238,0.170967444777,-0.089356921613,-0.283379375935,-0.071672447026,0.020175335929,0.159676730633,-1.060938715935,0.535488426685,0.450473338366,0.013674464077,-0.185502797365,-0.182275518775,0.175037682056,-0.119965679944,-0.045265626162,0.222620099783,-0.228396877646,-0.015837810934,-0.011313079856,-0.798343002796,0.252653211355,-0.109406590462,0.022506577894,-0.153998523951,0.026053773239,-0.083696499467,0.328835308552,0.355784893036,0.099490553141,0.266463905573,-0.067576907575,0.108655542135,-0.064600400627,0.055673263967,-0.518325626850,0.154716312885,-0.174495786428,0.128179535270,-0.771924555302,-0.213038727641,-0.154766052961,-0.215682059526,-0.296255260706,-0.213107213378,0.067539609969,-0.095789469779,-0.035602308810,-1.217485189438,-0.232767477632,-0.226952403784,-0.135456070304,0.261023014784,0.008945349604,-0.064903698862,0.215739250183,0.550648570061,0.374331355095,-0.112762302160,-0.305845201015,0.108708158135,0.081475257874,-0.137920603156,-0.076816864312,0.195121154189,0.103571072221,-0.149024933577,0.110599122941,-0.228771209717,0.094147071242,-0.078412264585,-0.002113936469,-0.029660971835,0.513226628304,0.143485099077,-0.683867990971,0.209184542298,-0.146268934011,-0.176446482539,0.244303435087,-0.122924156487
-0.099041365087,0.026993071660,-0.188774198294,0.536266088486,-0.021687669680,0.139588445425,0.034032139927,-0.073957853019,0.440728724003,0.092554681003,-0.198337718844,-0.308029383421,-0.133097887039,0.013910600916,-0.812140524387,0.139915674925,-3.100688695908,-0.379360765219,0.034906350076,-0.134377390146,0.339132636786,0.033757437021,1.213568806648,0.047889988869,-0.287455558777,-0.031398188323,0.343333274126,0.024515084922,0.097137570381,-0.103690199554,0.098275251687,0.096736975014,0.621176004410,0.192587062716,0.026808785275,0.026634057984,-0.058343254030,0.121682889760,0.012516221032,0.498397558928,-0.100820809603,-0.154402732849,0.072394080460,0.687746882439,-0.013295922428,0.047682341188,-0.039538897574,0.056300878525,0.083788245916,0.059202399105,-0.096364580095,-0.118956200778,0.087193123996,-0.156112387776,-0.093137033284,-0.333830446005,-0.023019975051,-0.038614246994,-0.119198188186,0.134108379483,-0.043477576226,-0.058260817081,0.148513913155,-0.493458688259,-0.281031161547,-0.159433096647,0.050936009735,0.017784060910,-0.281166970730,-0.077714160085,-0.578469574451,-0.047555480152,-0.034948386252,0.093637831509,-0.022598499432,0.131979227066,-0.614131450653,-0.012621303089,0.088856801391,-0.445124894381,-0.096797950566,-0.113246671855,-0.054053120315,-0.018370337784,0.108564570546,0.073612190783,0.047229010612,-0.094620682299,-0.007700912654,0.139297425747,-0.247488200665,0.519157767296,0.062873333693,-0.080517098308,-0.090597614646,-0.177205681801,-0.148246780038,-0.084272883832,-0.329151719809,-0.156234145164,-0.143072009087,-0.032085247338,-0.343600481749,0.088863402605,-0.044604185969,-0.047954145819,0.136701449752,-0.044989533722,-0.038103275001,-0.096411384642,0.022894859314,0.080406755209,-0.257129967213,0.087065935135,0.117137946188,0.205302909017,-0.006038919557,0.041925612837,0.106775112450,0.043647922575,0.045443575829,0.370850205421,0.073093533516,-0.625041365623,0.221985027194,0.135198861361,-0.271769881248,-1.305115818977
-0.207592651248,-0.000244822731,0.226736813784,-0.035123761743,0.057380069047,0.178006321192,-0.051590148360,-0.114222981036,0.052827328444,-0.670006334782,0.059661913663,-0.110676720738,-0.019270798191,-0.006527747493,-0.019639402628,0.035065826029,-0.022764338180,0.232717230916,-0.010049654171,-0.201803773642,-0.143545717001,-0.138093978167,-0.069386005402,0.124679088593,-0.071945250034,0.022319044918,0.029668474570,0.016099313274,-0.063696324825,0.432465523481,0.100515663624,0.070198252797,-0.160769611597,-0.161134570837,-0.036985248327,-0.052927859128,0.043117210269,0.066304683685,-0.008223075420,0.099919974804,0.096696987748,0.062451247126,-0.000158345618,0.031796436757,-0.060892142355,0.044912546873,-0.235173106194,0.014527695253,-0.000160859476,-0.425461590290,0.045199207962,0.007494258229,0.029659274966,-0.040576048195,0.000986136729,-0.136609494686,0.388193905354,-0.024509029463,-0.038938961923,-0.022526036948,0.350976020098,-0.110463812947,-0.001440339256,-0.365000456572,-0.015550078824,0.567622542381,0.008802029304,-0.055436711758,-0.694006562233,-0.001525273779,0.068789899349,-0.013762081973,0.227038189769,-0.000772317173,-0.039315767586,-0.034852031618,-0.033099077642,-0.005049169064,-0.027978379279,-0.292406886816,0.061447646469,0.045278046280,-0.119600094855,-0.206203505397,0.029769169167,0.044431623071,0.051842052490,-0.405873835087,-0.028027482331,0.021841425449,0.080738231540,0.049879204482,-0.037209410220,0.083608075976,0.009316147305,0.041939459741,0.018603350967,-0.048463586718,-0.025933686644,-0.005133631174,-0.003066106932,0.030215416104,0.061181265861,0.045063223690,0.013776416890,0.032136265188,-0.017194412649,-0.090557493269,0.035527136177,-0.031705230474,0.006735146977,-0.056561563164,0.264518469572,-0.002713379683,-0.103210464120,0.057308658957,-0.081632412970,0.070873163640,-0.028653070331,0.026263816282,-0.046580590308,0.185620829463,-0.041299324483,0.055767741054,-0.016808731481,-0.036574471742,0.017799969763,-0.048859976232
0.212532460690,0.167574703693,0.078677855432,0.328197747469,-0.137923493981,0.061209127307,0.215055987239,-0.086273550987,-0.184894800186,0.215676113963,0.121590994298,0.029198588803,-0.109677620232,0.138965085149,-0.023373603821,0.022619493306,-0.310410827398,0.249728396535,0.000820548797,-0.100806929171,-0.259700626135,-0.141351610422,0.001464257366,-0.029719924554,-0.057478453964,0.021744886413,0.110574170947,0.022646009922,-0.007082702592,-0.003791332478,0.056720230728,-0.124948129058,0.260225921869,0.440694898367,-0.017375044525,-0.365913242102,0.053830742836,-0.205298587680,0.043233357370,0.014513374306,0.153011888266,0.055616009980,-0.088867232203,0.011173448525,-0.146814301610,-0.016445105895,0.037353351712,0.042792137712,-0.060346901417,0.158486902714,-0.081336610019,-0.081787422299,-0.149000853300,0.038474325091,-0.088152423501,0.304810971022,-0.236447647214,0.029667375609,0.003525462002,0.112832710147,0.056871093810,-0.046742126346,0.055100314319,0.611696243286,-0.019267799333,-0.084962561727,0.212249755859,-0.161554425955,-0.277211874723,0.143991857767,0.043497104198,-0.063733913004,-0.048827316612,-0.050601929426,-0.179097101092,0.416959583759,0.001275803777,0.107144728303,0.081726983190,0.017948487774,-0.322270035744,-0.007438865490,0.028068313375,0.004285666626,-0.050303332508,0.031180556864,-0.159225583076,-0.024527551606,-0.083427682519,-0.189397424459,-0.259786903858,0.050483230501,0.058136645705,0.042035501450,0.055195685476,-0.279325455427,0.024887768552,0.070638567209,0.161239787936,0.242971986532,0.034169524908,-0.208188012242,-0.071266978979,-0.335391789675,0.149927094579,0.090552046895,-0.019024565816,-0.083091959357,-0.044892210513,-0.028048461303,-0.041097812355,0.009975234047,0.098750703037,-0.039563469589,-0.120631799102,-0.129724279046,0.010649238713,-0.012305434793,-0.147101134062,0.044102150947,0.167444780469,0.060488522053,0.046945467591,-0.174047216773,-0.111837632954,-0.047311965376,-0.061312995851,0.105558238924
0.166147381067,-0.166529729962,0.140086740255,0.258873909712,0.003304723417,0.133735746145,0.147165030241,0.049661032856,0.006132830866,0.287301391363,0.071843355894,0.206134662032,0.060191825032,-0.073650702834,-0.021322663873,-0.030971212313,-0.058433663100,-0.272033065557,0.077986374497,-0.112382844090,0.267126023769,0.156693294644,0.093141339719,0.236721098423,0.206887960434,-0.019366078079,0.230774208903,-0.014682335779,-0.015511231497,-0.053179435432,-0.006692152936,-0.174146309495,-0.158190831542,-0.384220957756,-0.011040519923,-0.071926005185,-0.111223042011,0.077455766499,0.039978623390,-0.252095937729,0.171070128679,-0.041904795915,-0.073447622359,0.056564524770,0.163732796907,0.004694920499,-0.011126000434,-0.058920405805,0.019400488585,-0.164101138711,-0.017672432587,-0.114712990820,0.109971724451,0.133489772677,-0.041677284986,0.002401985694,0.059048473835,-0.151006728411,-0.084127254784,-0.087069876492,0.003266433021,0.051396071911,0.125645503402,0.194581344724,-0.033746492118,-0.090784505010,-0.020311605185,0.070652909577,-0.257780164480,0.085224486887,0.037974085659,-0.111573785543,0.016652781516,-0.059345506132,0.029417203739,-0.119627781212,-0.040945436805,-0.147066846490,0.267998635769,-0.043051589280,-0.298050731421,0.031515169889,0.014099240303,0.314245879650,0.011162459850,-0.181274458766,0.214576259255,-0.255603343248,0.043402321637,0.245485290885,-0.003505789442,0.391672760248,0.041647832841,-0.023215487599,0.146708428860,0.050019260496,-0.045006308705,-0.005701342132,-0.076729066670,-0.084594115615,-0.311860769987,0.156843766570,0.030646966770,0.109589450061,-0.102048426867,0.028905257583,0.289265662432,0.187508374453,-0.046101391315,-0.118204303086,0.115465626121,0.057497553527,-0.143004179001,-0.211175799370,-0.141929835081,0.102689549327,-0.015986708924,-0.060061451048,-0.013930901885,-0.017556065693,-0.264641910791,-0.219052001834,-0.105192884803,0.267082542181,0.130863904953,0.175530925393,-0.199040114880,0.122156582773
-0.074261926115,0.059002127498,-0.264108479023,0.169787928462,-0.038666561246,0.169246315956,-0.163915351033,-0.205880507827,-0.384567946196,0.207487568259,0.052538435906,0.020672868937,0.042364947498,-0.104983873665,-0.143840640783,-0.105785474181,-0.674359381199,0.066481493413,-0.455611139536,0.064197018743,0.106595657766,-0.090591393411,-0.345561325550,0.131964191794,0.094165809453,0.026800394058,-0.224989786744,0.140967711806,-0.313331305981,-0.028715295717,-0.271183520555,0.040171790868,-0.280806809664,-0.132627457380,0.043605264276,0.237644597888,-0.007618219126,-0.214303269982,0.016153573990,-0.135826185346,-0.097076997161,-0.319895654917,0.054678209126,-0.534262061119,0.081696167588,-0.290709018707,-0.010527820326,0.008639665321,-0.216882243752,0.289993524551,-0.108785107732,-0.005265809130,0.180341273546,-0.002793605672,0.007140312344,-0.133411675692,-0.207296386361,-0.062200050801,-0.198029711843,0.020985163748,0.121850818396,-0.163904085755,0.045987974852,0.045295104384,-0.049245081842,0.135273665190,0.191960319877,0.176100403070,-0.260660648346,0.071741446853,-0.236483141780,0.332761675119,0.046743161976,0.400080442429,0.178636983037,-0.181482464075,-0.347692638636,-0.048232384026,0.169323384762,0.095555253327,-0.018484998494,0.090412408113,-0.016295175999,-0.015000233427,1.629822611809,0.134895473719,0.117715261877,-0.041462529451,-0.051205374300,0.046545557678,0.110815629363,0.325858771801,0.086041159928,-0.099416784942,-0.077707059681,-0.056051675230,-0.321074962616,-0.105505160987,-0.264612466097,-0.308619618416,-0.339362978935,0.003531074151,-0.263385146856,0.010984927416,-0.224798545241,-0.072884887457,-0.519921779633,-0.038201302290,-0.138152360916,-0.021114401519,-0.044707871974,0.031720601022,-0.052689004689,0.028800496832,-0.307546436787,-0.227407082915,-0.110927753150,0.281788945198,-0.120422735810,0.214302748442,-0.214385882020,0.245595633984,0.002762007061,0.228880733252,-0.016059171408,-0.175658300519,-0.131222873926,-0.351365089417
-0.354264169931,-0.118986718357,-0.232950702310,0.116551034153,0.183180004358,0.299254298210,0.134184882045,0.184366583824,-0.054439958185,0.033429671079,0.405650705099,0.027694256976,-0.386439204216,-0.035244185477,0.073361836374,-0.110896438360,-0.071142189205,0.188210532069,0.025103880093,0.170884802938,-0.108361274004,0.020789761096,0.002508385573,0.060114920139,-0.354324072599,-0.258383452892,-0.047210015357,0.027165474370,0.044453401119,-0.008105061948,-0.016824359074,0.003024963196,0.041907858104,0.077384240925,0.002336233854,-0.211548835039,-0.045517109334,0.054655261338,0.072760902345,0.121706940234,-0.106653295457,0.190585702658,0.077643707395,0.019673284143,-0.166844770312,-0.185443639755,0.000477128546,0.217088729143,-0.216366142035,0.363858431578,0.414131969213,-0.094874888659,-0.075656697154,-0.328663945198,0.041856292635,0.072640255094,0.100554190576,-0.048268545419,0.049279522151,0.004247674718,-0.056641377509,0.031539987773,0.030217640102,0.047788999975,-0.007292862516,0.069782726467,0.251564323902,0.348861306906,-0.236469164491,-0.246609270573,-0.069457732141,-0.182023301721,-0.000630297232,-0.052712146193,0.139359101653,0.166746243834,0.054242596030,-0.035914730281,0.085905812681,0.310045987368,-0.238985955715,0.020908087492,-0.345873445272,0.113187737763,-0.075201354921,0.076573148370,-0.258195936680,0.210637405515,0.044783540070,-0.471313029528,-0.043604932725,-0.209761112928,0.002811689628,-0.127675607800,-0.080515526235,0.959719955921,0.009514372796,0.127083241940,-0.129563897848,0.490803092718,-0.167031809688,-0.434707522392,-0.025540888309,-0.575749456882,0.059627752751,0.043601308018,0.033085089177,0.156100973487,0.090981766582,-0.059894859791,0.027477351949,0.171049907804,0.100064165890,0.020704280585,-0.023396292701,-0.208597019315,-0.019430162385,-0.109481349587,0.079480014741,0.144585594535,-0.207580968738,-0.069532781839,0.345992535353,0.158582210541,0.011124216020,-0.042311083525,0.015418846160,0.019326908514
0.000167569509,0.198157772422,0.099536269903,-0.164324104786,0.177819520235,-0.088468290865,-0.044626846910,-0.096716605127,-0.052390310913,-0.066519282758,0.170870214701,0.155605643988,0.091721221805,0.052268423140,0.015613274649,0.487335562706,-0.429664254189,0.107218451798,0.320205360651,-0.146150693297,0.091465674341,0.046472731978,-0.015929158777,0.169989809394,-0.308962523937,-0.223860770464,0.315789341927,0.075866721570,0.232270836830,-0.167449012399,-0.018816621974,-0.113978564739,0.082265764475,0.017113788053,0.058570001274,-0.125008016825,-0.087324745953,0.454033672810,-0.178091853857,0.266507804394,0.169637799263,0.104267291725,0.304794788361,-0.097640074790,-0.035818975419,-0.148106947541,-0.026810104027,0.404931634665,0.060044776648,-0.126274600625,-0.014813601971,-0.335013091564,0.011264435947,0.069847561419,0.026938555762,-0.277988344431,-0.189686998725,0.068423680961,-0.045219764113,0.158361196518,0.039993934333,-0.052889689803,-0.203711196780,0.209398105741,-0.164007157087,0.065178200603,0.515814006329,0.203252136707,-0.310536891222,-0.207686886191,-0.086860887706,-0.188756272197,-0.004346341826,0.109578132629,-0.472576946020,0.211408182979,0.004877733067,0.493582934141,-0.327488929033,-0.243536919355,0.065485477448,0.097900889814,0.012699063867,0.108765386045,0.083128347993,0.134527951479,0.162608712912,0.082569316030,-0.099875226617,0.272135138512,0.208686470985,0.098223440349,0.325659096241,-0.156493633986,0.243886739016,0.052726473659,-0.121971942484,0.019853329286,0.210757300258,0.439300745726,-0.093194596469,-0.361030340195,-0.314628869295,0.166919708252,-0.177979499102,-0.195691034198,-0.464073956013,0.239257037640,0.448016911745,-0.520657062531,-0.419125795364,0.147226125002,0.056137658656,0.177168220282,0.225106745958,-0.151318743825,-0.027237316594,0.126525327563,0.514862000942,0.080283880234,-0.447966814041,-0.008453950286,0.067684844136,-0.005035852082,-0.355849981308,0.014211701229,-0.000773677486,0.000119843658
-0.252413570881,-0.234814912081,0.059757400304,-0.187116399407,-0.179534867406,-0.031247565523,-0.068630732596,0.061359822750,-0.208697572351,-0.253889381886,0.175244867802,0.195282071829,0.048602581024,0.001551653841,-0.024336291477,0.027810428292,-0.076600819826,0.175583839417,-0.068044453859,0.038203611970,0.007950563915,0.025207305327,-0.099663056433,0.091039262712,-0.117646031082,0.165130943060,-0.015920991078,-0.010797677562,0.113102294505,0.144182622433,0.011949546635,-0.149252220988,-0.071068108082,-0.177470266819,-0.046048797667,0.078379243612,0.096098564565,-0.697531759739,-0.047116715461,-0.144818902016,0.611905872822,-0.014444898814,-0.239277660847,0.168661668897,0.023863678798,0.078804269433,0.016783325002,0.074930153787,0.052173208445,0.313534736633,-0.110869489610,-0.203734785318,-0.339317321777,0.188793241978,-0.313401341438,-0.059090249240,0.197305440903,0.341010183096,-0.011749971658,-0.111448831856,0.097213156521,-0.355273157358,-0.254549115896,-0.070011220872,0.284952908754,-0.026197856292,0.088414996862,0.005979498383,-0.228572085500,-0.270781636238,0.069062314928,-0.104397565126,-0.014807697386,0.107901252806,-0.026516333222,0.195345401764,-0.063179746270,0.033755972981,-0.086210802197,0.146260961890,-0.046633481979,-0.035873651505,-0.845630466938,0.187790855765,-0.015667866915,-0.123486794531,0.070003710687,-0.108688339591,0.228425443172,-0.254872202873,-0.121694713831,0.082845121622,1.620637536049,0.153884366155,0.195304930210,-0.116152077913,1.233211398125,-0.078127518296,-0.018237460405,-0.012957016006,-0.100400492549,-0.174531102180,0.066732533276,0.163278028369,-0.052514176816,0.003388859797,0.195487096906,-0.153155609965,-0.131047606468,-0.128252923489,0.015784436837,0.217969283462,-0.010470890440,-0.087482072413,0.145401313901,0.010568030179,0.025545196608,0.528715431690,0.077236950397,0.047031186521,0.031901188195,-0.194043070078,0.143510267138,-0.174683451653,-0.094382934272,0.156056582928,0.018360225484,0.105472572148
0.153483524919,-0.042114291340,0.004830881488,0.121468991041,0.025824768469,-0.030316928402,0.062285933644,0.080454692245,-0.026718840003,0.233782678843,0.038769643754,0.093633122742,0.207027137280,0.120610788465,0.041714739054,-0.082542866468,-0.124598816037,0.077537745237,-0.085120938718,-0.133212685585,0.387588679790,0.080439701676,-0.140018939972,0.237061277032,0.504896819592,0.028463721275,-0.184371948242,-0.046142853796,-0.012392613105,0.199189111590,0.042077593505,0.025293517858,0.264663010836,-0.089821860194,0.109076201916,0.231428846717,0.113554231822,-0.168552860618,0.181929215789,-0.223318770528,0.113963760436,0.076471485198,0.132986292243,-0.098339073360,-0.095865316689,-0.101537778974,0.012612639926,0.357927113771,-0.014536147006,-0.178032457829,0.070850886405,0.005207507871,0.049596086144,0.078734010458,-0.065768972039,-0.264074355364,-0.204122766852,0.248568385839,-0.016080694273,-0.151780709624,-0.037343613803,-0.030254879966,0.267463356256,0.270645588636,0.114171668887,-0.110865913332,-0.166536718607,0.057736977935,-0.255923390388,0.239054352045,-0.221069559455,0.062320936471,-0.009312180802,-0.067624650896,0.058660790324,0.110232077539,-0.011335851625,-0.197164595127,0.144836187363,-0.351426810026,-0.349014669657,0.085311859846,0.030278857797,0.127618625760,-0.055196002126,0.196574077010,-0.130120620131,0.118833139539,0.360348314047,0.186923831701,0.023688750342,0.023680359125,0.160616785288,-0.169616833329,-0.209890753031,0.030110716820,0.316633999348,0.195096418262,0.000874057645,0.026070058346,0.355756849051,-0.099624775350,-0.113861799240,0.137204706669,0.157863765955,-0.291201651096,-0.033256784081,0.025202373043,-0.195888340473,0.013128962368,-0.002378900535,0.155909121037,-0.226186931133,0.054299205542,0.074226245284,0.165916055441,-0.049628108740,0.050223473459,-0.063979782164,-0.052281793207,0.114568658173,-0.001350742416,-0.097750172019,-0.003294439055,0.044162333012,-0.215340346098,0.199470788240,0.041414886713
-0.125535964966,0.173673778772,0.215908870101,0.115081600845,-0.176762267947,-0.081020340323,0.010283479467,-0.210281506181,-0.029111061245,0.151459589601,0.077124282718,-0.036474354565,0.200569823384,-0.202137261629,-0.291130959988,-0.328214824200,-0.201670870185,-0.053923897445,0.045233760029,-0.065955311060,0.030095938593,-0.447140902281,0.168504700065,0.251349806786,0.197781637311,-0.188520222902,-0.811351478100,0.012407063507,0.035881992429,-0.040715467185,-0.030665179715,0.007962665521,0.067006953061,-0.180270463228,0.120258025825,0.084026388824,-0.026339182630,0.122542552650,-0.195233374834,-0.093788340688,-0.018035870045,-0.121048390865,-0.051861956716,0.241486459970,-0.093354433775,0.129142493010,-0.037582974881,0.103814288974,0.176862061024,0.233788162470,0.039314992726,-0.149311482906,-0.194638118148,0.200701996684,-0.068985089660,-0.075631178916,-0.181728690863,0.402477681637,0.032356895506,0.000762823038,0.069936871529,0.378466069698,-0.148701161146,-0.275933444500,0.061500102282,0.147132068872,-0.193480625749,-0.100436456501,0.137658596039,0.312079846859,-0.086191810668,0.077880427241,0.029675420374,-0.246572166681,-0.037698537111,-0.006578281056,0.155288085341,0.095915012062,0.082601509988,0.518370509148,0.063421554863,-0.072900548577,0.188817277551,0.117981910706,0.257161676884,0.084181994200,-0.083414047956,-0.054961606860,-0.126184225082,0.103528253734,0.050548125058,0.235651627183,-0.142325684428,0.235311031342,-0.055465288460,-0.045041553676,0.165376991034,-0.052794672549,-0.019906686619,-0.082941718400,-0.217456236482,0.350129902363,0.280175328255,-0.040133956820,-0.026766829193,-0.239955574274,-0.184398964047,0.031402550638,0.067601360381,-0.244720295072,0.030147772282,-0.093200035393,-0.112272068858,0.087524503469,0.138341367245,-0.391208738089,-0.074758738279,0.159609347582,0.664221167564,0.089896596968,0.135513067245,0.350352078676,-0.095595881343,-0.051468428224,0.109712205827,-0.130677744746,0.126242220402,-0.294292867184
0.014879462309,0.369657337666,-0.023985058069,0.010792367160,-0.035405192524,0.108483783901,0.119473747909,-0.064095191658,0.041209034622,0.000746032398,-0.072721309960,-0.198998689651,-0.128074273467,-0.165854424238,-0.053521785885,-0.119341962039,-0.043215513229,-0.347071498632,0.070008836687,0.116602458060,-0.037588696927,-0.040332671255,-0.197400018573,0.048653595150,-0.242747351527,0.103911854327,0.046747315675,-0.012974508107,-0.018399419263,0.059585046023,0.016713928431,0.029723636806,-0.451769977808,0.057281091809,0.154484629631,0.117145262659,0.040090337396,-0.161807969213,0.059434521943,0.142551779747,-0.030858008191,-0.178928151727,-0.002281230874,0.007092312910,0.134104058146,0.440941929817,-0.007298544515,0.382510721684,0.023383783177,0.102082088590,0.042857989669,-0.075489424169,-0.024149237201,-0.086333572865,0.038535039872,-0.304904192686,0.116343848407,0.155718982220,-0.007609509397,0.124501943588,-0.031507991254,-0.328905791044,-0.062604837120,-0.097812704742,0.383152186871,-0.046009309590,-0.070209622383,-0.000661221449,0.080137215555,0.172002375126,0.146937221289,0.212114766240,0.021087950096,0.077912144363,-0.031971801072,-0.014697981998,0.050804622471,0.057955905795,-0.153260812163,-0.064874991775,-0.038552388549,0.109523095191,-0.135615155101,0.272627174854,-0.003223710693,0.153358563781,0.004269298632,-0.078473314643,0.171669393778,-0.050178207457,0.150464698672,-0.031376760453,-0.032233491540,0.074292503297,0.087656691670,-0.008060094900,0.016788078472,0.017467336729,-0.136184602976,0.037923339754,-0.019905064255,0.161797046661,0.024883395061,0.010574796237,-0.056009434164,-0.108608968556,0.167552456260,0.011823073030,-0.135560095310,-0.018763612956,0.030915502459,0.186445444822,0.000466958649,0.160505697131,-0.023837355897,0.054100170732,0.036137666553,-0.133554175496,0.174565643072,-0.050657805055,0.207764461637,-0.049020145088,0.166449218988,0.078839130700,-0.095182634890,0.105785466731,-0.130581378937,-0.074691377580
-0.095760330558,0.003787410911,0.060727849603,0.211047470570,0.236560031772,-0.186721622944,-0.117638200521,-0.058005027473,-0.215815782547,-0.170853108168,0.224231123924,-0.072593741119,-0.047910988331,-0.064401723444,-0.149342790246,-0.019685551524,-0.068575680256,-0.407193660736,0.058553613722,-0.064472369850,0.188641965389,-0.117308028042,0.104920685291,0.333373248577,-0.029667688534,0.217112496495,-0.459915012121,0.014476651326,0.027201140299,-0.157064542174,0.090500198305,0.055627513677,0.121182858944,0.103532180190,0.066423743963,-0.440113335848,0.050726920366,0.266651064157,0.028195491061,0.030462305993,0.526023983955,0.069259144366,-0.252416819334,-0.043143153191,0.258390307426,-0.040403623134,-0.046437054873,-0.025428662077,-0.076089568436,-0.010252115317,-0.083774149418,-0.078081794083,-0.136709719896,-0.074013754725,-0.019621148705,-0.035625979304,0.028903560713,-0.163356885314,-0.084421500564,0.248260781169,0.163987547159,0.110456779599,-0.105480901897,0.057945746928,0.046312242746,0.113064669073,0.027486266568,-0.171866849065,0.104094631970,0.201236233115,0.121070392430,0.340521782637,-0.017429621890,0.081700190902,0.084494061768,-0.052845727652,-0.048958186060,-0.050611346960,-0.251849830151,0.605493962765,-0.073190450668,-0.031858567148,0.017880957574,0.465604662895,-0.106102123857,0.051483705640,-0.110648453236,0.158344328403,-0.085025064647,0.067145578563,0.033623885363,0.053913444281,0.173012465239,-0.140359461308,-0.007928833365,-0.018948314711,0.355702847242,0.112445048988,0.168864414096,-0.074093736708,0.322932571173,0.009139307775,0.085507616401,0.003314541886,-0.037178188562,0.287893593311,-0.188752740622,0.074380055070,-0.112467333674,0.126663088799,-0.005455448758,-0.073894172907,0.487424403429,-0.337100952864,0.338923990726,-0.529718935490,-0.034064777195,-0.452265560627,0.009514193051,0.011024216190,-0.257425308228,-0.109088428319,-0.027130661532,0.058514554054,0.158492803574,-0.065909303725,0.090488962829,-0.081642620265
-0.175002977252,0.054926868528,-0.009372401051,-0.637840270996,-0.015329030342,0.296197682619,-0.050304304808,0.073219522834,-0.018404023722,-0.201978638768,-0.181610330939,0.012559500523,-0.093368306756,0.036804486066,0.084752582014,-0.007390459999,0.026254674420,0.286047726870,0.086528904736,0.114815913141,0.071472488344,-0.296850830317,0.210671320558,-0.120738938451,0.382940143347,-0.106340155005,-0.093992918730,0.082139246166,-0.030064910650,-0.152815803885,-0.044062267989,0.147445097566,-0.130237251520,0.075882777572,0.010133426636,0.022077126428,0.316427975893,0.028285143897,0.254346728325,-0.029387533665,-0.225742802024,-0.182862699032,0.216160312295,0.060655880719,0.005278534722,0.027911080047,0.094628691673,-0.098740816116,0.007425003685,-0.135202467442,-0.091596879065,0.017083333805,0.038783919066,0.215245798230,0.005095999688,-0.060155887157,0.061154473573,0.807804286480,1.914288043976,0.271393448114,0.018586119637,-0.261607944965,-0.098784908652,-0.117168605328,-0.263043999672,0.154637590051,-0.024388855323,-0.012678026222,-0.427710086107,0.343500494957,0.224571153522,0.106585852802,-0.035623289645,0.629835784435,0.148182153702,-0.010183528997,0.811551392078,-0.019314961508,0.097238093615,0.287416577339,0.449058651924,0.048097603023,0.031977649778,0.335359483957,-0.017177902162,0.122555211186,0.047212354839,-0.037102878094,-0.237081691623,-0.167544797063,0.461986482143,-0.007383479737,0.320873975754,-0.027931537479,-0.045576483011,0.136292994022,0.154554888606,0.079841554165,0.259778946638,0.010002046824,0.022248987108,0.113515920937,0.358785957098,-0.230135247111,-0.064629815519,0.322374194860,-0.208319932222,-0.278834193945,0.256971657276,0.068210013211,-0.053203132004,0.103955425322,-0.616085350513,0.057273298502,-0.147062227130,-0.364391684532,-0.072626091540,-0.596088886261,-0.199718892574,0.081495836377,-0.096052601933,0.090964898467,0.020985946059,0.057824738324,-0.150848418474,0.152666896582,0.186873555183,-0.108040422201
-0.058793745935,-0.015889307484,-0.150760665536,0.091408200562,-0.148766100407,0.036366529763,0.148946106434,-0.160040721297,-0.181042253971,-0.019209172577,0.071348719299,-0.006936364342,-0.192037880421,0.146624937654,-0.011654826812,-0.101204439998,-0.041189968586,0.170405253768,-0.031087825075,-0.155865266919,0.248475730419,0.094725012779,0.027043936774,0.157609477639,0.008806243539,0.079093888402,-0.066015765071,0.192167207599,-0.071180097759,-2.296134233475,0.315489500761,-0.071274273098,-0.050268158317,-0.053605154157,0.305068343878,0.045995987952,0.021488990635,-0.258636921644,-0.034306973219,0.263952910900,0.246904194355,0.140756919980,0.036139864475,-0.066584326327,0.014195700176,-0.265464216471,-0.077431067824,0.157631561160,-0.126443982124,0.055800784379,-0.253179937601,-0.028863262385,-0.003361204639,0.089248731732,0.100071683526,0.077077306807,-0.131752744317,-0.010535617359,0.169422000647,0.083887487650,0.083832129836,-0.118176639080,-0.160358667374,0.317726939917,-0.042077843100,0.007137355860,0.027846120298,0.016839588061,0.019698020071,0.061664689332,-0.225315302610,-0.098310798407,0.098326839507,-0.092150628567,-0.104365840554,-0.107574671507,-0.116149529815,0.035934899002,0.123860590160,0.401242703199,-0.182498425245,0.019123369828,0.196059554815,-0.178268685937,-0.006738621276,-0.145235434175,0.090558052063,0.069356240332,0.077966235578,-0.112928561866,-0.375928819180,0.038327433169,0.214464291930,-0.214264944196,-0.212796330452,0.068142853677,-0.223887413740,-0.038642890751,0.263787984848,0.061882980168,0.050209805369,-0.126920476556,-0.149322494864,-0.031604211777,-0.085231468081,0.038257058710,-0.020473141223,0.191886901855,-0.065389819443,0.068936206400,-0.038215294480,-0.110727548599,0.238610848784,0.091770239174,-0.134663864970,-0.548048913479,0.285880804062,0.146505132318,-0.110648445785,0.048585645854,-0.079860299826,0.038077872247,-0.031972009689,-0.187354624271,0.061255637556,-0.077839255333,-0.155823454261,0.085195288062
-0.302313745022,0.181034564972,0.188548043370,-0.425680011511,-0.050084318966,0.229351371527,-0.342713028193,-0.115786954761,0.626810729504,0.173831999302,0.389950096607,0.065821371973,-0.091779477894,0.023928621784,-1.163019776344,-0.206536352634,0.044745322317,0.040358290076,-0.091927364469,0.024032320827,0.044113010168,0.138515949249,0.052818041295,-0.277388393879,-0.073700577021,0.292285442352,-0.907126963139,0.078417323530,0.171302080154,-0.145876094699,0.058915421367,-0.003304919926,0.290456265211,-0.001212226576,-0.055112507194,1.076244115829,0.079763084650,-2.097018003464,-0.045012965798,0.165603354573,-0.392044425011,-0.480074048042,-0.089991830289,-0.751632511616,-0.006319724023,-0.390687763691,-0.002658817684,0.139467433095,-0.595027685165,0.147600516677,-0.060715701431,0.017299072817,0.527673482895,0.069460831583,0.294860780239,0.121121779084,0.150457799435,-0.052818842232,-0.307110369205,0.467616021633,0.006222917698,-0.145760580897,-0.060028925538,0.085971750319,-0.086151227355,0.108278788626,-0.088087685406,0.021482320502,0.095585793257,-0.223181590438,-0.582457721233,-0.312003284693,0.043542239815,0.681777894497,0.214172720909,-0.333469033241,-0.045805905014,-0.202226236463,0.601962387562,-0.209263861179,-0.158707439899,0.043564431369,-0.005688337144,-0.001183189102,-0.356584697962,-0.124442763627,-0.091693900526,0.078712619841,0.114073105156,-0.172224581242,0.061030987650,-0.174380227923,0.097308695316,-0.299266964197,0.230484485626,-0.640147089958,0.196103960276,0.461851060390,-0.161445423961,-0.407519251108,0.229169920087,0.356860548258,-0.131031602621,0.250419139862,-0.067498944700,0.043914698064,0.018250256777,0.224435910583,-0.109978087246,0.581449508667,0.229181841016,-0.138445690274,-0.142213985324,-0.021501811221,0.125956445932,-0.028777787462,-0.086735084653,0.124756634235,-0.452153921127,-0.514048278332,0.364774197340,-0.079727642238,-0.077032662928,0.435787290335,0.397823333740,-0.283731341362,-0.538070201874,-0.191555738449
-0.132290452719,0.293703794479,-0.174498885870,-0.868085026741,0.553778767586,-0.234706342220,0.518671095371,-0.042395126075,0.480549335480,-0.185541525483,-0.270664304495,0.185973107815,0.058870803565,0.071106597781,0.040705554187,0.078713014722,0.177558720112,0.419650048018,0.060561574996,-0.157207578421,0.017436249182,0.272904843092,0.190566256642,0.104222185910,-0.262304067612,0.234481155872,-0.126396015286,-0.045892201364,-0.121359094977,0.084822930396,-0.041856978089,-0.126436695457,0.332516402006,-0.599067091942,-0.041940506548,-0.023661008105,-0.027145426720,-0.008613123558,0.123305693269,0.462410807610,0.165740221739,-0.364254832268,0.187240213156,0.177280619740,-0.069731369615,-0.169089600444,-0.033185813576,-0.225621432066,-0.056336756796,0.196147710085,-0.028104266152,-0.115680389106,0.006201768760,0.095616236329,-0.204977869987,0.141379997134,-0.328197985888,0.406962275505,0.172991365194,-0.140099659562,-0.098571740091,-0.072571568191,-0.130232870579,-0.042221885175,-0.110518790781,0.128381013870,0.342283457518,0.108229450881,0.274428874254,0.089443176985,-0.003965125419,0.172847911716,-0.079218678176,-0.130225360394,0.035232234746,0.083306990564,0.033462833613,-0.040127910674,-0.177672997117,0.094636619091,0.422660320997,0.027734626085,0.094489730895,-0.266194880009,-0.082786031067,-0.241173848510,0.129760578275,0.051324680448,0.006842880044,0.129609763622,-0.282836019993,0.114104129374,-0.183541521430,-0.151236981153,-0.636830210686,0.053062349558,0.202804043889,0.098868742585,-0.033485040069,0.272649466991,-0.129232183099,-0.555177330971,-0.051486566663,-0.393165320158,-0.204940751195,0.124254941940,-0.213878944516,-0.116541758180,0.063221938908,-0.396818220615,0.089841835201,-0.153175562620,-0.150041401386,0.037964884192,-0.306550621986,0.144242465496,0.012646953575,0.059472274035,-0.280979394913,0.002737406641,0.143635854125,0.280181288719,0.195423692465,0.024850195274,-0.299286246300,0.001176378806,0.414972394705,0.248486712575
-0.158212795854,-0.299949109554,0.568359315395,0.160746961832,0.499922305346,0.332212269306,-0.092191733420,0.116263799369,-0.947533905506,-0.197065159678,-0.248245969415,0.051301803440,-0.090794406831,0.276239871979,0.651203930378,-1.064661741257,0.222841292620,0.240729853511,0.927732348442,0.210434094071,-0.123694792390,1.052473306656,-0.322527080774,-0.259334504604,0.051901023835,0.015236777253,-0.108627498150,-0.064469121397,-0.691190719604,0.389222502708,0.108213149011,-0.942337632179,-0.070131309330,0.218183517456,-0.065836340189,0.574640750885,-0.958305060863,-0.138382092118,-0.084388501942,0.288439959288,-0.707554280758,0.343582838774,0.305214732885,-0.881425499916,0.001639738097,-0.509251594543,-0.140381976962,0.531433939934,0.353776067495,-0.267428338528,0.418105155230,-0.053122784942,-0.042698021978,-0.740983724594,0.252841591835,-0.299158185720,-0.135458797216,-0.307470411062,-0.414974242449,0.284583270550,0.072429046035,0.332824200392,-0.186441823840,-0.205511465669,-0.412461876869,-0.726985633373,0.568115353584,0.362629979849,-0.829961121082,-0.141417831182,-1.253575563431,-0.310013681650,0.164408609271,-0.246268719435,0.020520191640,0.207382768393,0.375120192766,0.323788195848,-0.553473412991,-0.662290275097,0.036824945360,0.302673459053,0.563485860825,-0.384851306677,-0.276340335608,-0.647769570351,0.055779792368,0.397380322218,0.110440000892,0.664010524750,0.385989040136,0.103709764779,-1.019846200943,-0.204592421651,-0.527751445770,-0.638241767883,-0.148221060634,0.853969693184,-0.438673466444,-0.151898086071,0.331174612045,-0.646406769753,0.928242981434,-0.525973558426,-0.524434387684,0.416593015194,-0.429595261812,0.718750774860,0.893153011799,0.261885851622,0.729680955410,0.095407910645,0.248664647341,0.188083440065,-0.659337580204,0.550478577614,-0.028605226427,-0.224489912391,-0.211642265320,-0.146727889776,-0.070918448269,0.046890892088,-0.509281814098,0.479779422283,0.602675914764,0.062890708447,0.401798635721,-0.285350233316
0.290147393942,0.037980731577,0.054740853608,0.080143287778,-0.004974581767,0.016862323508,0.668785452843,0.041880607605,0.069734111428,-0.208184108138,0.182908490300,-0.201754003763,-0.156332656741,0.056318361312,0.004293018021,-0.019425254315,-0.087482847273,0.490216404200,0.012699844316,0.101430162787,0.151894360781,0.096116706729,-0.074170820415,0.242710426450,-0.427094250917,0.058534160256,0.204608276486,-0.012502180412,-0.004854810890,0.004707156215,-0.010073697194,-0.158682003617,0.086961038411,-0.536650955677,0.053224731237,-0.046015340835,0.030369551852,0.146376252174,0.138008937240,0.487554252148,0.262203752995,-0.267213165760,-0.048500757664,-0.165587231517,0.157926008105,-0.008887508884,-0.039414461702,-0.061378084123,0.003415841609,-0.436791837215,0.116672717035,-0.008585623465,-0.013847900555,-0.056983724236,-0.666981816292,0.019090158865,-0.055364977568,-0.194231808186,0.048024348915,0.146108433604,-0.059866875410,-0.043491650373,0.204946368933,-0.198286026716,-0.090198278427,-0.163772761822,0.197214558721,0.098309032619,-0.147822603583,0.031003853306,0.118848957121,0.269282102585,-0.090199880302,0.065623842180,0.100364603102,0.471116483212,-0.022120887414,-0.033113565296,0.053272925317,-0.647307217121,-0.273133814335,-0.029087051749,0.177628308535,-0.366040885448,-0.016448566690,0.070062793791,0.001520505408,0.400536149740,-0.021482527256,0.841899633408,-0.517160892487,-0.078405678272,0.159371361136,-0.148507118225,0.004112756345,-0.688957929611,-0.045831359923,0.158836811781,-0.218385666609,0.239846512675,-0.085236176848,0.258356153965,-0.034249376506,0.187727957964,0.047438245267,-0.165136769414,-0.174457162619,-0.114682503045,0.000507663586,-0.060945812613,-0.334296315908,-0.047225601971,-0.189181506634,-0.066503949463,0.345843881369,0.450595915318,0.017327088863,-0.722310125828,-0.020242216066,0.176963314414,0.176861733198,-0.060383014381,-0.115924857557,0.201206982136,-0.278742343187,0.006871199701,-0.102323316038,-0.098325647414
0.181912362576,-0.212472930551,-0.192053452134,0.211413592100,0.147406801581,-0.058290589601,-0.129862993956,0.005933682434,-0.257732331753,-0.091090373695,-0.043595679104,-0.096480004489,-0.029893243685,0.405076831579,-0.066932246089,0.089565999806,-0.020919287577,-0.019607143477,0.070964999497,0.049208611250,-0.327934294939,0.008049500175,-0.240519762039,-0.158449620008,0.422174751759,0.123794198036,0.410453438759,0.028216870502,-0.010378980078,-0.007097064052,-0.029052335769,0.036290097982,-0.550613045692,0.182296797633,0.054893441498,-0.181820690632,-0.122487723827,0.008827783167,0.120408684015,0.259408593178,0.353332281113,0.008466871455,-0.262986987829,0.115644373000,-0.150659471750,0.065319798887,0.081587344408,0.182862132788,0.080777302384,0.015739856288,-0.051513805985,0.013371225446,-0.026262020692,-0.271017313004,0.029364969581,0.188807532191,0.011629561894,0.160274028778,0.032179351896,0.081791646779,-0.019989795983,0.057374298573,-0.017170038074,0.002524434123,0.228583633900,-0.082341738045,-0.011298585683,-0.026984170079,0.212652593851,-0.132709339261,-0.064630828798,0.164524629712,0.020996199921,-0.073452353477,-0.129278913140,0.071563176811,-0.177723214030,0.018166296184,-0.064717680216,-0.204176455736,-0.013888088986,0.012282529846,-0.075298413634,0.117240503430,0.130421623588,0.026335960254,-0.098532527685,-0.055691231042,0.100345358253,-0.183388546109,0.059835128486,-0.277909964323,-0.092809163034,0.024759622291,-0.003115475643,0.030405212194,0.067456446588,0.060879264027,0.001776443562,0.001335510286,-0.319733321667,0.079267159104,0.033059678972,0.030488314107,-0.150727078319,0.005667252000,-0.211327433586,0.195395559072,0.191180229187,-0.341199636459,0.360896050930,-0.069955497980,-0.058960657567,-0.178704857826,-0.248534917831,0.153769537807,0.004881327506,-0.056495986879,0.280943989754,0.188037380576,-0.057803452015,0.474444329739,0.122084803879,-0.032994542271,0.026105944067,-0.163236275315,-0.197818800807,-0.023668814451
-0.223064139485,-0.025983460248,0.384960532188,0.185481280088,-0.176151320338,-0.035875037313,-0.023164471611,-0.119537197053,0.461210429668,0.182878836989,0.098280392587,-0.326457142830,-0.105114400387,-0.002289941767,-0.063910111785,0.055486742407,-0.031244365498,-0.117352373898,0.061618503183,0.199466228485,-0.042005531490,0.218005865812,-0.045205164701,0.200260967016,-0.117333531380,-0.051307879388,-0.086288891733,0.008328667842,0.041769936681,-0.049339145422,-0.040040090680,0.050015468150,0.303437232971,0.064072079957,-0.103619478643,0.097575120628,-0.096446350217,-0.419211745262,-0.051784433424,-0.232910022140,0.044813584536,-0.163576185703,0.007740856614,0.080504782498,0.051941975951,0.026109006256,0.031798899174,-0.010356036946,-0.432936251163,-0.102991096675,-0.181962683797,-0.213352769613,-0.052530471236,0.083403468132,0.066185802221,0.125196099281,0.079829208553,0.065354146063,0.053716089576,-0.337505191565,0.038295533508,0.086559228599,0.285111337900,0.188468471169,-0.080103568733,0.027378384024,-0.050307996571,0.026830077171,-0.411831110716,-0.267166167498,0.165745511651,0.064217947423,0.037958893925,0.115125328302,-0.050581406802,0.216735079885,0.054733425379,0.319487065077,-0.016402889043,0.448503524065,-0.103189803660,0.004024239257,-0.155758261681,-0.039231006056,0.306302189827,-0.067620866001,-0.034015212208,-0.106953844428,0.199923411012,0.035129752010,-0.069385647774,-0.187683761120,-0.039086323231,0.269959330559,-0.191899284720,0.212559759617,0.032445993274,-0.142778247595,0.050835307688,-0.142491295934,-0.013789685443,-0.159612581134,0.104219347239,-0.228376328945,0.077774688601,0.179052814841,0.202456012368,0.199031755328,0.124240167439,0.107403576374,-0.242586269975,-0.081098891795,-0.056674096733,0.029735282063,0.044924195856,-0.146815061569,-0.022918812931,0.080713048577,0.351778239012,-0.291100770235,0.110305719078,-0.110687218606,0.056754086167,-0.133452206850,0.164463669062,-0.208154648542,0.208411678672,-0.006799997296
-0.007714299485,-0.125179186463,-0.051347229630,-0.000884616631,0.045991692692,-0.225844606757,0.003595556365,0.191410869360,0.184265598655,0.052761759609,0.088438555598,0.060812626034,-0.080568186939,-0.210672691464,-0.044808093458,-0.013944134116,-0.013078830205,0.206465095282,0.195502892137,-0.163744017482,0.247223421931,0.063286513090,0.047257702798,0.036834292114,-0.184046760201,0.171932876110,-0.207399442792,-0.019517527893,0.048213817179,0.139072880149,0.225826904178,0.007758450694,-0.085783787072,-0.356219708920,0.023831414059,0.065285392106,0.052586201578,0.215638771653,-0.076428793371,0.295282155275,0.208872199059,-0.019969973713,0.151942595840,0.034007880837,0.175231575966,0.112058557570,0.151780322194,-0.061923176050,0.020650414750,-0.111638896167,-0.035443753004,0.071247644722,0.006446625106,0.165036633611,0.006309187505,-0.181338250637,0.476351857185,-0.058448541909,-0.005935099907,0.051083482802,-0.095337472856,0.117100119591,-0.136164873838,0.530067205429,-0.004035025369,-0.237392842770,-0.116864860058,0.025772592053,0.035249061882,-0.118255183101,-0.074777573347,0.263830751181,-0.181274801493,0.015425887890,0.002277902560,-0.167741298676,-0.057866789401,-0.016085401177,-0.135582238436,0.239084899426,0.151990190148,0.032424300909,0.223700881004,-0.138057410717,-0.192046701908,-0.012811175548,0.130380451679,0.069308616221,-0.112226240337,0.088902726769,0.084203183651,-0.062720112503,0.093319848180,-0.180632188916,0.016776448116,0.055762778968,0.040135685354,-0.128068879247,-0.040535908192,-0.195105552673,0.073293603957,0.099234908819,0.022572482005,0.027856417000,-0.133600965142,0.020862808451,0.079600736499,0.082853302360,0.011392140761,0.202081292868,-0.070956662297,-0.054907191545,0.201842874289,0.060075186193,-0.017300732434,-0.112209208310,0.160039722919,0.006328185089,0.137908563018,-0.038191866130,0.044644996524,0.490107655525,0.067690223455,-0.017948400229,0.165693819523,0.059565443546,-0.062234058976,-0.012192496099
0.272010594606,-0.345882952213,-0.140361443162,-0.013480615802,-0.074192747474,-0.092247173190,0.046628981829,0.007163094822,0.054950356483,0.237326920033,0.241149961948,-0.339447289705,-0.265318483114,-0.086830779910,-0.087019242346,0.263055831194,0.350403010845,0.654767215252,0.307214409113,0.057950563729,-0.554374754429,-0.081359893084,-0.023368911818,-0.240357413888,0.005369043909,0.195285186172,0.476997405291,0.144371137023,-0.501291394234,0.147805735469,-0.365674853325,-0.035439692438,-0.266206413507,-0.080230213702,0.006071807351,-0.159141093493,-0.273492425680,0.539459049702,-0.214465692639,-0.027711721137,-0.296572268009,0.284662514925,0.189733847976,-0.252958565950,0.084991246462,-0.171738594770,-0.040752544999,0.245582401752,0.017533859238,0.177744641900,0.121428497136,0.177028626204,0.490387141705,-0.035370148718,-0.093727290630,-0.012927317061,0.049130328000,0.188903614879,0.056142318994,-0.096419066191,0.009453276172,-0.318771511316,0.026900926605,0.003396065673,0.040328752249,0.168625921011,-0.050362382084,-0.002713571768,0.165523514152,-0.055144265294,-0.055347934365,-0.139046698809,-0.007516486105,-0.107454828918,-0.010185845196,-0.130928292871,-0.384057432413,0.017888490111,0.084929585457,0.068190760911,-0.285573184490,-0.246539413929,0.408064424992,-0.343100905418,0.255948871374,0.173797845840,0.033136587590,-0.089800752699,-0.028894072399,-0.324769556522,0.450345575809,0.182151749730,-0.147458508611,0.029884615913,-0.189501166344,0.064076170325,-0.691844880581,0.062829703093,0.005878837314,-0.321401059628,-0.242618784308,-0.060638681054,-0.196750089526,-0.200454577804,-0.091758839786,0.037941310555,0.031948342919,-0.749824225903,0.182280585170,-0.291292011738,0.172044709325,-0.048635944724,-0.530434489250,0.485872834921,0.419811069965,-0.263763487339,-0.250801295042,0.357145756483,0.288571894169,0.156133070588,0.186786085367,-0.122419312596,0.057783059776,0.132162719965,0.087226778269,-0.078927539289,-0.048835545778,-0.101110644639
-0.275634258986,0.050507757813,-0.154687553644,0.291946649551,-0.119636379182,-0.602550506592,-0.008709487505,0.227668792009,-0.018158478662,0.346918940544,-0.103566236794,-0.100339293480,0.151491478086,0.399028927088,0.010894382372,-0.174792334437,0.027121195570,-0.114247128367,-0.089267067611,0.161698803306,-0.236833363771,-0.195628985763,0.058427307755,0.129741847515,0.441763013601,-0.155165463686,-0.028695104644,0.008194983937,0.072262927890,-0.122489631176,0.065205164254,0.030490610749,0.079186767340,0.181793689728,0.023783354089,-0.214535832405,0.012891829014,0.119290240109,-0.064770780504,-0.246995300055,0.714351773262,0.209702610970,-0.084103278816,-0.021396934986,-0.310103356838,-0.098428480327,-0.055045939982,0.207114413381,-0.010085818358,-0.371346890926,0.105567455292,-0.121067553759,-0.140563711524,0.125900626183,-0.093221880496,0.249985098839,-0.454816520214,-0.148210570216,0.130668908358,0.026109399274,0.096307717264,0.493232846260,0.230500370264,-0.066332109272,0.223253980279,0.035126063973,-0.037572890520,-0.131905496120,0.143412679434,0.008315898478,0.145600318909,-0.044349100441,0.024727920070,0.004328223877,-0.216475501657,0.106332220137,-0.091082319617,-0.188410803676,0.145477876067,-0.189403712749,-0.495686888695,-0.121351383626,0.045574132353,0.240240335464,0.039365626872,-0.234043955803,-0.129391461611,-0.367649286985,0.072479128838,0.080470286310,-0.232635110617,-0.388320744038,-0.222313627601,-0.006763836369,-0.038933135569,0.021686311811,0.054113470018,0.141061931849,0.055967275053,0.158522486687,0.031245611608,0.006880569737,0.115689627826,0.090399436653,0.051703631878,0.069418489933,-0.024971814826,-0.074369765818,-0.149402663112,0.066241078079,0.002065050416,0.059832729399,0.425259679556,-0.925753831863,0.251642048359,-0.004927167203,-0.020716285333,0.144668355584,0.160266697407,-0.021796163172,-0.005645908881,0.184432774782,-0.033659845591,0.051213972270,0.211250081658,-0.227257728577,-0.154695287347,0.069193400443
0.346590816975,0.035215403885,0.066646799445,-0.085444845259,0.028886601329,-0.004071205854,-0.579355537891,-0.135125353932,0.228907957673,-0.355995237827,-0.195287212729,-0.028570719063,0.089467592537,0.000022055310,-0.015499903820,-0.117397986352,-0.283297896385,0.095486283302,-0.146405145526,-0.019120916724,0.133574917912,0.160304307938,-0.084857292473,-0.112436518073,0.251517295837,0.097780384123,0.222822681069,-0.012552304193,0.018586812541,0.037628531456,0.069447822869,0.016407471150,0.418170183897,-0.153966411948,-0.068884469569,0.063989497721,0.102896317840,-0.146387189627,-0.053458619863,0.010319226421,-0.024872396141,0.101865217090,-0.036405198276,0.114355728030,-0.146255567670,0.276557922363,0.009279522114,0.032997000962,-0.082531228662,0.169561490417,0.317360043526,-0.160563379526,0.198539450765,0.086636602879,0.041888944805,-0.003037533956,-0.154467180371,0.003837925382,0.045880209655,-0.072499029338,0.025748094544,0.277200251818,0.047599490732,-0.039130307734,-0.264345258474,-0.039144173265,-0.233081847429,0.281967729330,0.171119406819,0.059193309397,-0.103546127677,-0.053793869913,-0.016035836190,-0.138606324792,0.278458952904,-0.134684130549,0.031608473510,-0.099666394293,0.308886528015,0.212900951505,-0.164228260517,0.033614717424,-0.102758683264,-0.094735063612,0.104377284646,0.091890975833,0.513160347939,-0.019461948425,0.037496969104,0.278575748205,0.066175103188,-0.052868589759,0.018908370286,-0.053903337568,0.136479914188,0.260623097420,0.312126040459,0.029988987371,0.010911438614,0.204199582338,0.044796615839,-0.062449101359,0.125993564725,-0.001770585775,0.271041482687,0.269965559244,0.304505646229,0.053061790764,-0.019063139334,-0.098118163645,0.105226173997,0.200887396932,0.571266829967,-0.047137886286,-0.061397850513,0.053326848894,-0.036122646183,-0.110737398267,-0.230451703072,-0.065567888319,-0.550704598427,0.021733805537,0.150880068541,0.059205044061,0.028775621206,0.016408862546,-0.154851213098,0.160181656480
0.269046127796,-0.153966069221,0.070752531290,0.321193695068,0.029188375920,-0.048616230488,0.134157389402,-0.031389694661,0.373193651438,-0.216032862663,0.128303125501,0.620733976364,0.211465239525,0.102281510830,-0.091989211738,-0.188892632723,-0.406560063362,0.039802070707,-0.167511403561,-0.104111872613,-0.033623915166,0.430526763201,0.051341153681,-0.118500143290,0.008845327422,-0.125635415316,0.129966065288,-0.046903364360,0.117059119046,-0.003456436796,0.097488529980,-0.128989070654,0.272600680590,-0.366520762444,-0.328252792358,-0.393719434738,-0.306149274111,0.041142333299,0.070767611265,0.102077461779,0.264122188091,0.263088524342,-0.001993309939,-0.261137098074,-0.124582476914,-0.106495819986,0.041739527136,0.082309044898,-0.219882309437,0.143843054771,0.066525720060,-0.056765753776,0.065387889743,0.080989383161,-0.118269272149,-0.043162021786,0.245499327779,-0.101539626718,-0.069540143013,-0.012323724106,0.010104731657,-0.069305367768,0.099697202444,-0.156709581614,-0.298334270716,-0.200774297118,-0.175441056490,0.170944169164,-0.103565916419,0.408665984869,0.131245553493,0.070910014212,-0.044287197292,0.089265517890,0.110056519508,0.011932416819,0.099690154195,0.157913237810,0.302117794752,0.021420890465,-0.422999978065,-0.013060164638,-0.070271439850,-0.394398212433,0.016861347482,-0.428790122271,-0.110379897058,0.003646837780,-0.122801572084,-0.203516796231,-0.071761056781,0.146949559450,-0.112958878279,-0.099802441895,-0.020463211462,-0.298916518688,0.202462375164,-0.160582765937,-0.025137921795,-0.004785025958,0.296109884977,-0.053005218506,-0.421618461609,0.399144411087,0.071896858513,-0.040184795856,0.110660754144,-0.089714907110,-0.111009664834,0.212517380714,-0.381773948669,-0.024971475825,-0.203236073256,-0.340993940830,0.020488876849,0.136377632618,-0.032618939877,-0.163947582245,0.093991145492,-0.027565166354,-0.049281273037,-0.137425675988,0.168205097318,-0.044159118086,-0.421073675156,0.230017080903,0.239652380347,0.159696742892
0.121266983449,-0.155423671007,-0.242232114077,0.444581329823,0.148664295673,0.232311248779,0.108668699861,0.132089912891,-0.011243219487,0.112294226885,-0.098996199667,-0.176159173250,-0.001577454736,-0.244247809052,-0.118574045599,0.001160652260,-0.043049506843,0.081110835075,0.013867104426,-0.071047671139,-0.126585349441,0.088154174387,-0.438069075346,0.121717579663,-0.130720630288,0.051995411515,0.223984271288,-0.026636084542,-0.093460701406,-0.020819727331,-0.042336598039,0.213994935155,-0.140452027321,0.000916977006,-0.095798544586,-0.330612808466,0.132773265243,0.162907838821,-0.201230674982,0.238731205463,-0.116639025509,-0.127155259252,0.131444439292,-0.061778891832,-0.003248782363,0.106760285795,-0.048059474677,-0.206188529730,0.070813439786,0.419575721025,0.142719596624,-0.118964776397,-0.228756591678,0.221721664071,0.037163827568,-0.078287445009,-0.018475895748,0.142213851213,0.041852366179,-0.222566634417,0.006167152897,0.029077608138,0.029356418177,-0.096547603607,0.129610598087,-0.065779156983,-0.183257102966,-0.086464367807,0.180669784546,0.351618140936,0.030166819692,0.061413895339,0.024468706921,0.301062196493,0.086739808321,-0.013045258820,-0.001460175030,0.224656894803,0.059493772686,-0.041052762419,0.070143572986,-0.009723434225,0.028226949275,-0.198637574911,0.106294445693,-0.225455507636,-0.248699292541,-0.305735141039,-0.247210636735,-0.269043415785,-0.048990596086,0.125410884619,0.123609356582,0.017531227320,-0.074969895184,-0.097422510386,-0.001264059450,-0.223471447825,0.128128275275,0.198523283005,-0.318234324455,-0.001821325510,-0.151739016175,-0.067213676870,0.004516289569,-0.202383369207,-0.037523936480,-0.061477515846,0.028036326170,-0.366029024124,0.076277717948,-0.164298146963,-0.050145581365,-0.078994110227,0.394629269838,-0.008453868330,-0.118158169091,-0.001117111067,-0.040722645819,0.139703348279,-0.046906307340,0.039891242981,0.118612095714,0.054200444371,0.094687588513,-0.200051024556,-0.060120124370,-0.118052527308
-0.080893918872,0.024285089225,0.013558719307,-0.228145107627,-0.024505998939,0.130652755499,0.075509913266,0.077142223716,-0.079365603626,0.033200789243,0.217717260122,0.184500440955,0.015965931118,-0.257057279348,0.068505130708,-0.095516473055,-0.041331965476,0.086979694664,0.120846569538,0.061049915850,-0.071468390524,0.224651947618,0.105029486120,0.001915856381,0.019643666223,-0.139739692211,-0.071497820318,0.018120111898,0.069162651896,-0.084077022970,0.033036515117,-0.068265773356,0.234790652990,0.009692228399,-0.027325302362,0.009069508873,-0.070150427520,-0.318116128445,0.239878743887,0.557476520538,-0.071298882365,-0.114713974297,0.055719614029,-0.097042530775,-0.013479489833,-0.034447196871,-0.012955652550,0.254593312740,-0.075165517628,0.220505446196,0.049601696432,-0.002032806631,0.154243886471,0.196075737476,-0.037652738392,-0.010681240819,-0.042510144413,-0.040393780917,-0.023417076096,0.030869444832,0.068447150290,0.187786057591,-0.163530543447,0.388994961977,0.004446463194,0.016739849001,0.007123800460,-0.076799616218,-0.396198987961,0.197063028812,0.019533764571,-0.004690278787,-0.013114928268,-0.091415815055,0.025578098372,-0.126874178648,-0.123349837959,-0.120704308152,0.000212876897,0.265036016703,-0.339356213808,-0.212886095047,0.028442692012,0.223962619901,0.062404651195,0.174563303590,-0.016735106707,-0.048707209527,0.032455708832,0.076863877475,0.171942472458,0.153229862452,0.232306629419,-0.104695804417,0.014901242219,-0.062842480838,0.071115665138,0.000627063040,0.145855322480,0.007118055131,0.108192659914,-0.067160516977,0.170110151172,-0.001481750747,0.079079501331,0.198198989034,-0.322440594435,-0.254074454308,-0.050629623234,-0.080723725259,0.003838504665,0.050969924778,-0.126841515303,-0.749207139015,-0.295269578695,-0.149647623301,-0.045191403478,-0.382589787245,0.061277419329,-0.154656872153,-0.163280576468,-0.225531458855,0.016523323953,0.134194120765,0.144718766212,-0.010213687085,0.250233829021,-0.009750341065
0.070553526282,0.044470451772,0.442885637283,-0.285573780537,0.061263233423,0.163238793612,0.010291546583,0.079298019409,0.108268074691,-0.280212491751,0.039774972945,0.189003512263,0.030798017979,0.079740591347,-0.102951020002,-0.029214231297,-0.055192250758,-0.081068858504,0.160288646817,0.086225986481,-0.152354985476,-0.014038830996,-0.090904213488,-0.021513285115,-0.542474448681,0.033182207495,0.066891789436,-0.010568127967,-0.109334312379,0.101621188223,0.003925332800,-0.014522763900,0.123975776136,-0.254200994968,-0.021097112447,0.048818912357,-0.140226662159,-0.176945045590,0.073251411319,-0.146442055702,-0.046361748129,0.323352873325,0.022941032425,0.085197538137,0.172099009156,-0.024288345128,0.008813483641,-0.106431730092,-0.075883217156,0.759117901325,-0.033022683114,0.058426711708,-0.012548235245,0.020883766934,0.036813065410,0.019660519436,-0.051544487476,-0.151976317167,0.032089512795,-0.082529045641,0.045845348388,0.047449905425,-0.126621261239,-0.201185345650,-0.714926302433,0.098987855017,0.023332631215,-0.048683121800,0.202829033136,0.123226173222,0.044251687825,-0.028223684058,0.001026284648,0.034795086831,0.220108523965,-0.008391688578,0.043159089983,-0.013632340357,-0.051416013390,0.369907796383,0.022433336824,2.305540561676,-0.045299496502,-0.336454421282,-0.067193485796,0.211284726858,-0.018216252327,0.374509423971,-0.023005664349,0.068793095648,-0.224188864231,0.091312706470,-0.161380827427,0.114699773490,-0.037835191935,0.098592475057,0.017079051584,-0.011522175744,-0.061713881791,0.154434397817,0.023944083601,0.052250027657,0.004527152050,0.040687546134,0.080389663577,-0.040343001485,-0.118033424020,0.585245251656,-0.002141022822,-0.111147724092,-0.074089862406,-0.123197920620,-0.107622951269,0.184603333473,0.057630345225,-0.187121987343,-0.041648659855,-0.104668825865,-0.048893947154,0.064439862967,0.054260473698,0.444720447063,0.110530793667,0.230953812599,-0.118010014296,-0.031211106107,-0.029654765502,-0.032625146210
-0.241850376129,-0.186022877693,-0.138582289219,0.165160506964,-0.068685963750,-0.073253065348,-0.228330582380,-0.114842943847,-0.192233845592,0.110784702003,0.003692156635,0.194740042090,-0.049573175609,0.010205550119,0.074504792690,-0.135322347283,-0.023026855662,-0.291979253292,-0.235984876752,0.063819922507,0.036998938769,0.061429649591,0.183908164501,-0.297809481621,0.194427311420,-0.132549539208,-0.549759209156,-0.169852361083,0.037771351635,0.104222185910,0.208647727966,-0.062706992030,0.210509583354,0.299892008305,-0.069523073733,0.027348076925,-0.157290801406,0.109438687563,0.126362740993,-0.079815030098,-0.019800491631,-0.111826546490,0.025624565780,-0.083561867476,0.330900877714,0.113921798766,0.242446511984,0.058386035264,0.149247273803,0.147817671299,0.132172882557,-0.091345645487,-0.034039892256,-0.006307908334,0.081893473864,-0.091106750071,0.184007838368,0.120822921395,-0.031631633639,0.076026186347,-0.387110680342,-0.296295881271,0.052471593022,-0.117253184319,0.094668284059,-0.324514836073,0.060836553574,0.221990630031,0.010955696926,0.215623125434,-0.122853823006,-0.024583486840,0.109451398253,0.029128095135,0.019320253283,-0.039579775184,0.236333802342,-0.087423354387,0.123695924878,0.187214404345,0.045003667474,0.138736069202,-0.012783437036,-0.020460849628,-0.323890954256,-0.013568473049,0.219017758965,-0.238722205162,-0.011151508428,0.274275124073,-0.001479405910,0.081056058407,0.073578931391,-0.029455814511,0.008162260987,0.172638252378,-0.257832229137,0.109778456390,-0.144235819578,0.034814443439,-0.014578869566,0.065315708518,-0.228184074163,-0.017394790426,-0.003194783814,-0.188680157065,-0.074894741178,-0.043675180525,0.138882651925,0.137102529407,0.011483541690,0.130657881498,-0.031418800354,-0.075456380844,0.079484418035,0.968158364296,0.102437928319,0.267322748899,-0.081129640341,0.001553689945,-0.162802621722,0.264848530293,0.215783834457,0.099024750292,0.050602201372,-0.110199376941,0.137621581554,0.042588192970
-0.245845124125,0.018756086007,0.045416787267,0.275578945875,0.124651044607,0.105362229049,-0.065012194216,-0.051227103919,0.100342787802,-0.115182712674,-0.111736007035,-0.289338469505,-0.217906504869,-0.012280131690,-0.033670388162,0.132333278656,0.101808957756,0.261802881956,-0.489880949259,-0.120651230216,0.155469611287,-0.036596938968,0.056747756898,-0.145467057824,0.006431367248,0.018225386739,0.025968469679,-0.010201679543,0.060952190310,-0.049855452031,0.063216857612,0.278393357992,0.227530658245,-0.007327929605,-0.007226001471,0.324558198452,0.183554887772,0.384035527706,-0.040162403136,-0.081261053681,0.096120767295,0.176743686199,-0.207830786705,-0.145711913705,-0.220937907696,0.227442994714,0.021595321596,-0.035389080644,0.049238376319,-0.009042973630,-0.015614546835,0.063415639102,0.090945832431,-0.024876503274,0.103754609823,0.177046641707,-0.024168137461,0.073403865099,0.012413382530,0.169525906444,-0.116748891771,-0.037989333272,-0.005947499536,-0.033869072795,0.164179593325,-0.156241849065,-0.072612017393,0.153010502458,0.208661988378,0.328233063221,-0.112647034228,-0.199649125338,-0.000417878269,0.115973480046,0.120401963592,-0.499535262585,0.139995574951,-0.083592228591,0.153216645122,0.104165464640,0.071713723242,0.047718565911,-0.061110235751,-0.074573509395,0.079451471567,-0.150992989540,-0.128256782889,-0.267038196325,-0.079466536641,-0.451441258192,0.357668936253,-0.023752557114,-0.110186569393,-0.074521347880,-0.330464959145,0.464362502098,-0.026297418401,0.186958074570,-0.050927430391,-0.350910872221,-0.041649647057,-0.269097238779,0.079346418381,-0.120161339641,-0.083589181304,-0.157578602433,-0.055409893394,-0.140066012740,0.365629613400,0.164490953088,0.018555341288,-0.166760250926,0.125397130847,0.018929511309,-0.061323508620,0.117810241878,0.060751002282,-0.112327031791,-0.262956440449,0.067786239088,0.153546601534,0.034661948681,-0.446883410215,0.033150617033,-0.025061918423,0.238208606839,-0.043472222984,0.117453873158
-0.235725581646,-0.199076265097,-0.050654642284,0.165126919746,0.119935341179,0.161112993956,-0.171386718750,0.041620671749,-0.217889770865,0.212638095021,0.366704314947,0.155345454812,-0.291608631611,-0.009402884170,-0.203403472900,0.082886353135,-17.712633132935,-0.555515348911,-0.331731379032,-0.212482318282,0.368749141693,-0.141208305955,-0.360009878874,-0.014175025746,-0.081109337509,-0.014411442913,-0.528953552246,-0.013496991247,-0.047351446003,-0.122833877802,0.008557919413,-0.507418990135,-0.069878377020,0.207247346640,0.117081820965,-0.096875332296,-0.121655106544,0.085305556655,0.091479301453,-0.281388610601,-0.186533078551,-0.211063325405,-0.733061492443,-0.102106206119,0.233845248818,0.333681255579,0.008122634143,0.042574014515,0.011975236237,0.060367178172,-0.057398442179,-0.109322980046,0.027317551896,0.018411705270,-0.031229602173,-0.317415714264,0.566804528236,0.103187985718,-0.013125357218,-0.074411854148,-0.015452849679,0.095899991691,-0.116865448654,-0.028722319752,0.067271672189,-0.074735544622,-0.612760126591,0.023453773931,-0.445138484240,-0.200416982174,-0.193113595247,0.447776198387,0.041203945875,0.180785670877,0.092316366732,0.415974944830,-0.066404759884,0.237118169665,0.060163933784,0.038798224181,0.398233324289,0.033396318555,-0.309902131557,-0.469790041447,0.048458550125,0.034720364958,-0.005073914770,0.273424685001,0.000749601691,-0.073443591595,0.254294276237,-0.334823846817,0.329493492842,-0.003517655190,-0.273467928171,0.119510777295,-0.033710267395,-0.042274471372,0.472689896822,0.558910310268,0.021648785099,-0.243193075061,0.414480805397,-0.181033164263,0.237783893943,-0.143464162946,-0.157170817256,0.239399686456,0.148558974266,0.356125295162,-0.280624687672,0.089134678245,-0.225004136562,0.289356708527,0.146579071879,0.004460216500,0.044765848666,-0.101056329906,-0.130582615733,-0.075208440423,-0.032368242741,-0.406008422375,-0.131513252854,0.172240927815,-0.111833795905,-0.119724303484,-0.030637226999,-0.277520745993
-0.090295620263,-0.039759367704,-0.061647571623,0.099723368883,-0.046350464225,0.104841075838,1.014313340187,-0.114666081965,0.024405201897,-0.140364527702,0.012866806239,0.122131995857,-0.240784585476,0.015980375931,-0.015879513696,-0.151405140758,-0.164971411228,-0.108709909022,-0.061366520822,0.061158180237,-0.310742855072,-0.021868020296,0.023385826498,0.143096491694,-0.080134384334,-0.015469784848,0.071160450578,0.071143724024,0.064474403858,-0.075664408505,0.023955449462,-0.678292453289,-0.128286093473,0.172193422914,0.013742336072,0.040574673563,-0.036195125431,-0.167709782720,0.088076196611,-0.087562397122,-0.188451498747,0.004845578223,0.503944456577,-0.024788888171,-0.036967068911,-0.224352985620,-0.031115243211,0.131707295775,0.000737978960,0.095036551356,0.152005270123,0.068062156439,-0.082882829010,-0.030656799674,0.064074300230,0.337586551905,0.188115641475,0.152539432049,-0.057588052005,0.050376169384,0.099528007209,0.008150591515,-0.028605874628,-0.062256895006,0.008965936489,0.077197059989,-0.017030350864,-0.054829560220,0.215411424637,-0.149861276150,-0.159076571465,-0.089852660894,0.024099111557,-0.001043429598,-0.172916173935,-0.315492331982,0.070088386536,-0.034463126212,-0.078851975501,0.165393993258,-0.239948257804,-0.006899795495,-0.222135782242,0.058361157775,-0.046729799360,0.021784266457,-0.267966568470,0.150989264250,0.056187305599,-0.129487797618,-0.039829704911,-0.071093983948,-0.025652065873,0.042298421264,-0.469364762306,-0.403026759624,-0.003620117670,0.082145005465,0.081350781024,-0.177591010928,0.128297671676,-0.000642882194,-0.042951371521,0.115492664278,-0.216472119093,-0.071340650320,-0.151542887092,0.233101189137,0.138484999537,-0.002464414807,-0.025481309742,-0.005607982632,0.201696366072,0.071732990444,0.347836703062,-0.255094051361,-0.090009845793,-0.123177580535,0.017267582938,-0.045728802681,0.242301732302,0.126003459096,0.279619276524,-0.020957108587,-0.045320007950,0.011535597034,-0.637489259243,0.037681192160
-0.043705292046,0.094381175935,-0.057372901589,-0.331242531538,0.084644086659,0.116260766983,-0.253910332918,-0.023792210966,-0.056389756501,-0.098053447902,0.141723006964,0.019780538976,-0.023779617622,-0.045701440424,-0.010741207749,0.045922394842,-0.005874295719,-0.149430751801,0.224833577871,0.204635426402,-0.360444664955,-0.077386558056,-0.005060228519,0.003849038854,0.365006238222,0.094225905836,0.075067766011,0.001364601194,0.035639919341,-0.007377169095,0.036028314382,-0.230026021600,0.115594506264,0.376179575920,0.032663539052,-0.114310920238,-0.067546464503,-0.071794465184,-0.005212979391,-0.097553841770,-0.158871650696,0.115640267730,0.116832681000,0.011650230736,-0.170316189528,-0.077331423759,-0.005267767236,0.104677654803,-0.009151541628,0.493657171726,-0.238649994135,0.014783891849,-0.029295751825,0.102108925581,0.289088338614,-0.316547125578,-0.155081674457,0.009678935632,-0.086718790233,0.018872763962,-0.011488760822,-0.039879404008,-0.018967796117,0.146964415908,0.147915869951,0.060324784368,0.069201819599,-0.021429672837,0.427811890841,-0.155830621719,0.188115745783,-0.110680066049,0.049639947712,-0.022495880723,-0.242044523358,-0.251004576683,0.030156763270,-0.079512216151,-0.043987825513,0.001352908672,0.016086585820,-0.058038443327,-0.308942168951,0.334373742342,-0.044787440449,-0.030803170055,-0.186287358403,-0.120452024043,-0.001749499585,-0.487687170506,0.535742640495,0.057402607054,0.093944557011,0.087440319359,-0.676631867886,-0.409943163395,0.063246577978,0.013349927962,-0.000312937249,-0.192559316754,-0.095080263913,-0.280713170767,-0.071977026761,0.219174459577,-0.377693802118,-0.225402399898,-0.270223528147,-0.009503223002,0.029866257682,-0.033116616309,-0.125357612967,-0.083310507238,0.322878658772,0.006282615010,-0.217397779226,-0.042010635138,0.019266970456,0.083045683801,0.062463525683,0.123365230858,0.025515548885,0.131732046604,0.328741639853,-0.242630541325,-0.059676248580,0.077987395227,-0.174610406160,-0.068532489240
-0.133133471012,0.041038125753,-0.273888170719,0.133301690221,0.052177309990,0.141910150647,-0.357633352280,-0.195713177323,-0.100186780095,-0.006046222057,-0.019604571164,0.605865120888,-0.085961684585,-0.018712315708,-0.029189210385,-0.030971959233,0.036952398717,-0.151811212301,0.499149471521,0.018849456683,0.170392572880,0.056498151273,-0.044563919306,-0.024538708851,-0.225991964340,0.166984274983,0.005692117848,-0.055841509253,0.027753757313,0.039349909872,0.054826445878,0.083870001137,0.009370081127,-0.436349332333,-0.006853910629,-0.099956803024,0.075851328671,0.176260262728,0.006178739015,0.131484195590,-0.145606309175,0.079144924879,-0.142998605967,0.004536545370,0.097898140550,-0.122089907527,0.003046587110,-0.071555040777,-0.017579318956,0.378596842289,-0.234590977430,-0.349249124527,-0.034309059381,-0.425864577293,0.098784804344,0.600000083447,0.075872540474,0.135457068682,-0.090629003942,-0.010336854495,0.039344698191,0.023722019047,-0.061733473092,0.005180931184,-0.048434950411,-0.130554422736,-0.184908211231,0.737730026245,-0.155590802431,-0.198039919138,0.274705469608,0.098771490157,-0.008748043329,-0.022916791961,0.403070867062,-0.756183207035,0.065091900527,-0.214611321688,-0.096511438489,-0.097510345280,0.089856088161,-0.024605406448,-0.300655543804,0.014146666043,-0.014341144823,-0.054722014815,0.152966991067,-0.207268327475,0.009140890092,0.217399463058,0.286394864321,-0.063913859427,-0.026335416362,0.101378269494,0.431563794613,0.631052196026,0.055495146662,0.035141494125,0.021692730486,-0.147846236825,0.072922289371,0.247792080045,0.029672281817,0.547207713127,-0.181988403201,-0.199161842465,-0.160310566425,0.290400505066,-0.137356877327,0.083669558167,0.035418525338,-0.159566700459,-0.318767189980,-0.028089363128,-0.293700963259,0.068928107619,0.008410613984,-0.057615481317,-0.005797217134,-0.005188361742,-0.125200167298,0.198132842779,-0.021653139964,0.360327959061,-0.171521782875,-0.022700950503,-0.568959474564,-0.113428495824
0.097693108022,-0.119294881821,-0.169789150357,0.437156260014,0.110669784248,-0.171172529459,-0.110338449478,-0.175926685333,0.144174039364,0.156876713037,0.274728506804,0.380256235600,-0.014754822478,-0.217419534922,0.122549355030,-0.194417610765,-0.827695369720,-0.087502188981,0.040448997170,0.012299956754,-0.059156198055,0.112947538495,0.068244025111,-0.091584764421,0.011565848254,0.038563277572,-0.053664844483,-0.049476448447,-0.026625441387,0.117450520396,-0.020613990724,0.076180763543,-0.292619287968,-0.094693630934,0.182010456920,0.249734669924,0.091218993068,0.305464327335,-0.055934868753,0.184367761016,-0.043064989150,-0.040524598211,0.130837664008,-0.005024900194,-0.005824034102,0.018446620554,-0.024407856166,-0.028948789462,0.147916004062,0.304943978786,0.043720431626,-0.207985460758,-0.059115499258,0.165597677231,-0.164977952838,0.069142282009,-0.098789133132,0.104862503707,-0.164208784699,-0.044680364430,0.110319465399,-0.043805144727,-0.293745368719,-0.012350066565,0.005392316263,-0.062679424882,0.199166551232,0.002113486174,0.044212404639,-0.105244234204,-0.308791160583,-0.253737837076,-0.022699138150,-0.139025285840,0.140809461474,-0.123034536839,0.029707456008,-0.092025965452,-0.071155406535,0.257570028305,-0.080283053219,0.093030892313,0.105048738420,0.407850950956,-0.063011795282,-0.108146481216,-0.110731646419,-0.068375170231,0.119218297303,0.173098474741,0.405472218990,0.392076462507,-0.023659380153,-0.018749784678,-0.188791766763,-0.032653432339,0.139112100005,0.046927988529,-0.092855989933,0.036074973643,0.041202504188,0.016434278339,0.219145849347,-0.236843064427,-0.051568485796,-0.012801534496,-0.300216972828,0.248270303011,-0.017933882773,-0.335629463196,0.089600510895,0.120197333395,-0.124942742288,0.235207810998,-0.098936088383,-0.150966182351,-0.071421414614,-0.079020731151,0.359882771969,-0.084121838212,-0.141124665737,0.008970554918,0.120502285659,-0.185226306319,0.335666000843,-0.013149105944,0.162464514375,-0.033559016883
0.026997156441,0.018016781658,0.061660721898,0.323592245579,0.076286636293,-0.336580157280,-0.122562147677,-0.088341765106,-0.068697400391,-0.166711360216,0.162197366357,-0.316770792007,-0.126271456480,-0.134649515152,0.037317186594,0.074339039624,-0.115411497653,0.118183314800,-0.205050945282,0.013117459603,0.334742575884,-0.393003791571,-0.121908642352,-0.038214445114,0.061660762876,0.119429633021,0.264829188585,0.044191699475,0.013609054498,-0.114890366793,0.022738980129,-0.143777072430,0.126236021519,-0.183597058058,-0.012678758241,0.012746849097,0.175315260887,-0.133638963103,-0.473940819502,-0.039664197713,0.377137094736,0.414088249207,-0.250797897577,0.083123154938,0.064342804253,0.108453877270,-0.025635784492,-0.112385250628,0.148770883679,-0.142130479217,0.011642923579,0.109421953559,-0.259402960539,-0.035212840885,-0.096735328436,0.000158299837,0.114057682455,-0.315518677235,-0.002024469664,-0.088960982859,0.123907357454,0.208696261048,0.089716769755,-0.030527036637,-0.015736924484,-0.060079563409,0.237956330180,-0.017119867727,-0.019043793902,-0.095374383032,0.154794692993,-0.182770401239,0.009575591423,-0.066206321120,-0.013224873692,-0.103993892670,-0.036075398326,0.068201877177,0.164630144835,0.247110456228,-0.070323877037,-0.163885951042,0.104987680912,-0.064710162580,-0.099584184587,0.279640257359,0.096733577549,0.263984799385,-0.055117581040,0.039733350277,0.349322080612,0.267836987972,0.310015857220,-0.260176509619,-0.046517424285,0.032704595476,-0.161662712693,-0.022028168663,0.080976150930,-0.016958467662,-0.106144160032,-0.095856294036,0.012146570720,0.024881342426,0.040059320629,0.104751504958,0.052446816117,-0.037629403174,-0.230613663793,-0.219897031784,-0.091699384153,-0.074440345168,0.396300524473,-0.020639451221,0.112631969154,-0.177877500653,-0.079141028225,0.225973352790,0.023015307263,-0.049498923123,0.021482558921,-0.166141435504,-0.105696089566,-0.076439514756,0.007710177917,0.009741690941,-0.260448962450,-0.025624250993
-0.144014909863,-0.373168677092,0.255742222071,0.103441834450,-0.342366546392,0.290953099728,0.179670944810,-0.006817185786,-0.031581681222,-0.102465860546,0.244824871421,-0.204410001636,0.241590976715,0.040884610265,-0.270073175430,0.185629978776,-0.169426694512,-0.039320189506,-0.097981788218,0.025579113513,0.594309508801,-0.057867035270,0.128990948200,-0.252198725939,-0.112766869366,-0.072284705937,-0.050753321499,-0.003690718208,-0.048839166760,0.129224538803,0.093437723815,0.396889686584,0.361656576395,0.483735024929,-0.026180149987,0.183835968375,0.094804808497,0.094683647156,0.210094228387,-0.145977959037,-0.474899798632,-0.165132239461,0.123192846775,0.230059117079,-0.298540592194,0.069471083581,0.074582085013,0.312753707170,0.111063793302,0.335300058126,-0.453655064106,-0.010173618793,-0.384649842978,0.117393285036,-0.231040909886,-0.758457839489,-0.151616171002,0.211342900991,-0.030948774889,-0.363754183054,0.016824182123,0.096480026841,-0.044632364064,-0.245966956019,0.204953759909,0.070529229939,-1.314007043839,-0.518941700459,-0.135768219829,-0.158089026809,0.178113877773,-0.266269892454,0.028610482812,-0.084071293473,-0.626487255096,0.684538662434,0.053018368781,-0.087712101638,0.083790391684,0.273106843233,0.502276062965,-0.142684400082,-0.212345078588,0.097662366927,-0.017979482189,0.252426356077,-0.282704323530,-0.304346084595,0.053197424859,-0.012750538066,-0.007435100619,-0.345231294632,-0.081316612661,-0.042151018977,-0.253845185041,-1.374878048897,0.109069071710,-0.066808953881,-0.465971201658,-0.284469068050,-0.458782523870,-0.670026421547,0.306096434593,0.285308003426,0.168713271618,0.197629451752,0.198552861810,-0.481429159641,-0.142687872052,0.264384329319,-0.008770427667,0.217506557703,0.195606559515,-0.022436691448,0.187010824680,-0.152554988861,0.017393071204,1.086065411568,-0.124902717769,-0.125680908561,0.101865865290,0.290104746819,0.251958876848,-0.178620025516,-0.036458794028,-0.456518769264,0.659097552299,0.360194206238
0.362794578075,-0.397714197636,0.224888250232,0.077744513750,-1.296062231064,0.005974704400,0.541484653950,0.122685402632,-0.254400730133,-0.233978345990,-0.118605509400,0.411120831966,-0.311652600765,0.183796674013,-0.121864244342,-0.142780408263,-0.187964588404,0.003590320703,0.028287958354,-0.162928313017,0.130097419024,0.444695502520,-0.091698378325,0.023675277829,0.259146630764,-0.014222641475,0.117875747383,-0.013674479909,0.093806125224,0.009989785962,0.003840889782,0.010728840716,-0.226517930627,-0.199880883098,-0.061575807631,0.159037649632,-0.048237424344,0.136706307530,0.389413177967,0.419459879398,-0.089070141315,0.143104583025,-0.406712919474,0.249475121498,0.071415007114,-0.116826742887,-0.035789854825,-0.118821829557,0.137339651585,0.115088254213,-0.381839126348,0.217511937022,0.016780475155,-0.139135584235,0.154842108488,-0.228752911091,0.327396601439,0.214560002089,-0.485956519842,-0.203387141228,0.021365989000,-0.119926311076,0.011594516225,-0.035426594317,-0.340313911438,-0.132958561182,-0.281517356634,0.337131291628,-0.511760950089,0.302594602108,0.166191175580,0.225213631988,-0.045414894819,-0.080647610128,-0.085765011609,-0.244653224945,0.133767277002,0.283659011126,0.078617647290,-0.122141927481,-0.280739217997,0.048884101212,0.035912949592,-0.391710728407,-0.010089198127,-0.175381004810,0.027740361169,0.311041414738,-0.151697918773,0.265147835016,0.047848053277,-0.191105440259,-0.191571906209,0.144309088588,-0.407712519169,-0.014085449278,0.105186350644,0.155579343438,-0.051566228271,-0.140493929386,0.006239174865,-0.167953848839,0.121379576623,0.480914652348,-0.093732364476,0.134515121579,-0.192284673452,0.030497351661,0.121398985386,-0.142395645380,-0.281331688166,-0.199353590608,-0.498113751411,-0.538013279438,0.245612770319,0.111231841147,-0.000361540035,-0.290404140949,0.018737975508,0.134190827608,0.026175376028,-0.124578259885,0.114209122956,0.116863504052,-0.095010749996,-0.064222469926,-0.131295248866,-0.258830487728
0.166416868567,-0.023567985743,-0.285875886679,-0.333204656839,-0.158210515976,0.013786662370,0.065209828317,0.055308423936,0.198818400502,0.123568728566,0.285441428423,-0.205477207899,-0.256310760975,0.056937735528,-0.007152022328,-0.020252907649,-0.300910383463,-0.196239337325,0.085613295436,0.234693974257,0.198799774051,-0.279631704092,0.151154145598,-0.077474504709,-0.093175306916,0.011321888305,0.146354109049,-0.060331184417,0.041927650571,0.006510557141,0.000925342378,-0.192315086722,-0.059616573155,-0.209992691875,0.099567733705,-0.034395221621,-0.097384154797,-0.192206636071,0.201348528266,0.651805639267,0.165654644370,0.157141357660,-0.162768691778,0.098947994411,0.140837088227,-0.084315568209,-0.016527120024,0.219775080681,-0.091220639646,-0.041739728302,0.073738962412,-0.052378728986,-0.089522153139,0.555555045605,0.066662892699,-0.314001202583,-0.122724846005,0.230133414268,-0.020254556090,0.023238571361,-0.159951239824,-0.195409595966,0.051359023899,-0.136989980936,0.056633293629,0.146449789405,-0.044875483960,-0.069909363985,0.221940413117,0.139279350638,-0.004627972376,-0.119239762425,0.011106678285,0.298352450132,-0.472839325666,0.348594903946,-0.079566679895,0.134264573455,-0.051077157259,0.095550812781,-0.061192516237,-0.117346003652,0.150855794549,0.030004214495,-0.107934579253,0.040062010288,-0.168963834643,-0.186402335763,-0.224430620670,-0.108984954655,0.280745208263,-0.127533018589,0.097993038595,-0.300071984529,0.037854276597,-0.141243442893,-0.265088140965,-0.017716843635,-0.082832433283,0.050698768348,0.025782577693,-0.012153017335,0.105058327317,-0.082285150886,0.027169488370,0.470265060663,0.077922388911,0.075455456972,-0.254517495632,0.071504905820,-0.028231922537,0.135265842080,0.164426952600,0.019448898733,-0.128118559718,-0.100008919835,-0.041416347027,-0.171971619129,0.028039487079,-0.112547002733,-0.022432263941,0.043316788971,0.010155167431,0.212992846966,-0.063278511167,-0.167282566428,-0.083937488496,0.361639380455
0.130386754870,-0.098598368466,-0.018823213875,0.117418199778,-0.121953710914,0.045275401324,0.092833988369,0.015276269056,-0.571263134480,-0.330724000931,-0.138734728098,0.150852739811,-0.344565659761,-0.066196031868,0.188379421830,-0.032388735563,-0.384320259094,0.201865673065,0.516422927380,-0.008316515014,-0.395634651184,0.228302553296,-0.119218163192,0.042078055441,-0.262702912092,-0.115459509194,0.472200423479,-0.176777228713,-0.018074296415,0.063489966094,0.132071062922,0.000515438558,0.027592157945,-0.005452565849,-0.180431500077,-0.345440834761,-0.021485600621,0.034897413105,0.020353762433,-0.154883563519,0.095311716199,0.570094168186,0.266256362200,-0.190537691116,-0.098670840263,0.074711740017,0.084493257105,0.075373910367,0.618040025234,0.536874651909,0.003124071052,-0.136597692966,-0.396505832672,0.263921022415,-0.243233948946,0.057283550501,-0.051138795912,-0.036922093481,-0.202148079872,0.283285737038,-0.192482739687,-0.190732464194,-0.253189295530,-0.528299272060,-0.005980624352,-0.217146396637,-0.179276973009,0.036204535514,-0.047800268978,0.075784437358,-0.111482322216,-0.308504998684,-0.031006781384,0.925362586975,0.109952256083,-0.007599825040,0.389911949635,-0.259707212448,0.169346123934,-0.147702857852,0.120524123311,0.217042878270,-0.040913466364,0.065433941782,0.021258730441,-0.018238246441,0.017089145258,0.171278506517,0.187582418323,0.059722010046,0.018374532461,-0.159324482083,0.117081426084,-0.580739200115,-0.021459618583,-0.084402181208,-0.112307369709,-0.329078316689,0.054737064987,0.015760935843,0.158480912447,-0.278422534466,0.308777153492,-0.176683813334,0.008369281888,-0.126777142286,0.083000823855,-0.196605816483,-0.119427770376,0.409927576780,0.093721076846,0.069223791361,0.183301880956,-0.274176061153,0.341397970915,0.386335253716,0.152698412538,-0.131797313690,-0.160247191787,-0.026196010411,0.041488848627,0.158482447267,-0.018281476572,-0.104579880834,-0.378956764936,0.367051810026,-0.493414551020,0.391797035933
0.162507832050,0.141268849373,0.031934276223,0.014900795184,-0.228939533234,-0.008159160614,0.007377439179,0.144459977746,0.326156020164,-0.127651229501,-0.186393871903,0.208325579762,0.311485767365,-0.027031209320,0.008129405789,-0.406715214252,0.054413855076,-0.080467373133,0.112394042313,0.171632692218,0.580944895744,-0.044428367168,-0.038713399321,-0.270536541939,0.276148498058,0.047758601606,0.017671633512,0.000636379526,0.094820454717,-0.041227106005,0.043570235372,-0.163096174598,0.264514237642,0.398139268160,-0.090064845979,-0.072816163301,0.114174202085,-0.187644392252,-0.138916209340,-0.328333467245,-0.119991302490,-0.286789983511,0.025304006413,-0.364920556545,0.010410069488,0.192972257733,-0.048990007490,0.105595119298,-0.382922708988,0.438977360725,0.450539112091,0.159661114216,0.140056744218,-0.077788218856,0.133309215307,-0.271808743477,-0.019258471206,-0.045771848410,0.010363305919,0.196680724621,-0.007493822835,0.004977092147,0.054164644331,-0.136170208454,0.013898205943,-0.010134118609,0.058742977679,0.123457893729,0.034692678601,0.231319680810,-0.231512755156,-0.399557828903,-0.005800380837,-0.029880104586,0.190230712295,-0.096279636025,0.179857134819,0.133959516883,0.015538472682,0.080974377692,0.203715294600,0.031593911350,-0.024165632203,-0.475639790297,-0.036997538060,0.030880013481,-0.029822753742,-0.208946064115,0.025444770232,0.118403740227,0.065908342600,-0.054971959442,0.030656522140,0.089181274176,-0.023426055908,-0.085455663502,-0.091470256448,0.223071515560,-0.108701057732,-0.307903945446,0.003564853687,0.324065536261,0.043671406806,0.065733432770,-0.428740650415,-0.252396762371,-0.017063837498,0.034133717418,-0.087273925543,0.179961666465,0.081881731749,-0.078780144453,-0.515391111374,0.009165945463,0.284364014864,-0.141081348062,-0.037947610021,0.093992181122,0.023712007329,-0.073422707617,-0.078209899366,0.366087466478,0.088280424476,-0.197558820248,0.000529289944,-0.091719910502,0.062842749059,0.093641020358
-0.203272596002,0.486909478903,0.047146338969,-0.073710083961,-0.089627914131,-0.073425091803,0.010786691681,0.123140990734,0.162629574537,0.020391939208,0.082028321922,0.091083869338,-0.004223324824,0.186293169856,0.040708869696,0.194598346949,-0.133066356182,0.335707306862,-0.004417983815,-0.196097612381,0.228520184755,-0.153350234032,0.022388573736,0.148092553020,0.451394528151,-0.141231849790,0.061525616795,0.202271401882,-0.117365933955,-0.094621993601,0.007953454740,0.007990489714,0.275470107794,0.023380130529,-0.047765847296,-0.230296611786,-0.058857120574,1.004739403725,0.083224460483,-0.320492416620,-0.212384343147,0.110424689949,-0.128475561738,-0.012111122720,0.009865872562,0.197220057249,-0.089713580906,-0.079683400691,-0.021027792245,-0.491095542908,0.105839170516,0.062024794519,0.038525719196,0.084034398198,-0.099465146661,0.371016591787,-0.379210978746,-0.019848408177,0.135702118278,0.003439539811,0.576475083828,0.053142528981,0.356463968754,-0.005310255568,0.125160783529,0.138273105025,0.175964996219,0.056707859039,0.022988827899,-0.079692818224,0.043193817139,-0.118721023202,0.015605125576,0.197012141347,0.033736709505,0.079581789672,-0.202903211117,-0.038259740919,0.078848771751,-0.426422923803,0.479129910469,-0.152797490358,-0.171244606376,-0.030058894306,-0.072273902595,0.023869466037,-0.057378336787,0.158671543002,0.803194701672,0.089842446148,0.128907740116,-0.163611844182,0.086926914752,0.088236689568,-0.064395338297,-0.023384096101,-0.449220746756,0.001636527362,0.060418173671,-0.187357529998,-0.093510180712,0.123084224761,-0.066429957747,-0.127129718661,-0.055298805237,0.091232433915,-0.487815886736,0.013411849737,0.302673429251,-0.037599161267,-0.027123682201,-0.119362890720,-0.050895392895,0.139361575246,-0.067669540644,-0.420345216990,-0.108639180660,-0.228559166193,0.176166921854,0.040133912116,0.020928882062,0.414032042027,0.088820047677,-0.305738002062,0.109798170626,0.275502651930,-0.032882779837,0.029168203473
-0.620981633663,-0.050008233637,0.430554658175,-0.440850079060,-0.353544712067,-0.119150765240,-0.297282427549,-0.098240219057,0.073944278061,0.097209163010,0.039123408496,0.020180867985,0.216484889388,0.077733069658,-0.203324809670,-0.555808186531,0.209815502167,0.039689663798,0.082181856036,-0.156715646386,0.298513859510,0.822135865688,-0.307022333145,-0.639449298382,-0.012508408166,-0.176082059741,-0.082846380770,-0.004722714890,-0.101423524320,0.063726581633,0.075174748898,-0.206556439400,-0.481787264347,-0.064350090921,-0.147372871637,-0.327165216208,-0.024235438555,-0.290226072073,0.151867598295,-0.319633245468,0.008992280811,-0.507077455521,0.039784070104,-0.066206231713,0.000688382192,0.070405058563,-0.053243145347,0.182608559728,0.411522895098,0.483027219772,0.155374601483,0.102961272001,-0.050199054182,-0.141694784164,0.339921772480,0.614155948162,-0.140384286642,-0.030171176419,0.061077468097,0.275567144156,-0.016484800726,-0.052816499025,-0.098106898367,-0.312123358250,-0.274930983782,0.176201999187,-0.231368690729,-0.195872366428,0.665321230888,-0.443481892347,-0.694317638874,-0.180772781372,-0.015920711681,0.319967508316,-0.095436796546,-0.059996496886,0.115565747023,0.070203438401,0.037802539766,-0.057564109564,0.349846959114,0.225244626403,0.007929235697,-0.025053523481,0.070875778794,-0.134659320116,0.154066920280,-0.046871617436,0.025879055262,0.367608606815,0.131519079208,0.206059709191,0.177671998739,-0.022728735581,-0.041161116213,-0.133205264807,0.093903802335,-0.211402952671,0.010358772241,-0.335874378681,0.536122381687,0.467950582504,-0.506185591221,-0.302572876215,-0.121759824455,-0.199181526899,0.041235458106,0.368692040443,-0.239867702127,-0.445184886456,0.285111159086,-0.102931983769,0.157799139619,0.002959950361,0.302938044071,-0.106238558888,0.060072157532,-0.129933968186,0.088789291680,0.140920862556,0.078559279442,0.412519186735,-0.031823690981,-0.159411504865,-0.116239041090,0.007780142594,0.170374020934,0.155663639307
-0.551560640335,-0.345977663994,-0.395707637072,0.313170760870,0.038633625954,0.429675251245,0.609023511410,0.011317403987,0.108872935176,0.257261157036,0.308962285519,0.076222181320,-0.598250746727,0.008282666095,-0.014976467006,-0.159854397178,-0.111468136311,0.222727283835,0.317102462053,0.171787217259,0.578591167927,0.271025240421,-0.056662108749,0.113791763783,-0.869243979454,-0.304923534393,-0.160396173596,0.018903588876,-0.004959443118,0.012316683307,0.041753273457,1.839752674103,0.128917798400,-0.333556026220,0.004913246259,-0.339514285326,0.092299401760,0.171799421310,-0.047005467117,-0.226826399565,0.292855381966,0.085952244699,-0.075300320983,0.235674425960,-0.209175184369,0.131774470210,-0.012240760960,0.090137116611,-0.101618349552,-0.226823627949,-0.084380775690,-0.609588980675,-0.034044910222,-0.542109489441,0.138067141175,-0.024946730584,0.044930305332,0.124623015523,-0.016704274341,0.001410946948,-0.046845875680,0.033191516995,0.009223750792,-0.205960407853,-0.107787027955,0.032379243523,-0.234976589680,1.090045213699,-0.373961865902,-0.131966501474,-0.054561186582,-0.130620166659,-0.043385092169,0.127753823996,-0.659759759903,-0.496347159147,0.117047049105,-0.229336157441,0.063486337662,0.272511959076,0.016368683428,0.109685264528,-0.165134847164,0.068039558828,-0.126670807600,-0.117507241666,-0.242144986987,0.334516227245,0.175739794970,0.379186362028,-0.130693376064,-0.532369017601,-0.238407000899,-0.070476964116,-0.860534310341,0.482735574245,-0.069692797959,-0.125265911222,-0.053870156407,-0.168355062604,0.030480591580,0.331525236368,0.049971304834,0.267186909914,-0.028235502541,-0.266173154116,-0.156367972493,0.498050600290,-0.004222338554,0.074197560549,0.140032678843,0.096243135631,-0.320235133171,-0.192493498325,0.869700431824,-0.211842790246,0.079343445599,0.081194512546,-0.069005161524,0.128525838256,0.516084015369,0.033697877079,0.382167339325,-0.145215019584,-0.078741878271,0.030362535268,-0.173039570451,0.095595858991
-0.036578193307,0.068436883390,0.297599583864,-0.163594529033,0.085591271520,-0.036136075854,-0.145951569080,0.074574910104,0.139387249947,-0.029341299087,0.115895755589,-0.070876672864,0.276802957058,-0.195152476430,0.009176671505,0.061208527535,0.162053421140,0.002771712607,-0.081461012363,-0.012199320830,-0.198323637247,0.027220318094,-0.040026307106,-0.016661500558,0.167885452509,0.026758858934,0.123274110258,-0.075202271342,-0.003334918525,0.223842725158,0.014740392566,0.092024147511,0.102817736566,-0.016183553264,-0.230609744787,0.014040823095,-0.000597064616,0.341498970985,-0.091089464724,-0.159439697862,-0.345643848181,-0.118749260902,-0.157423600554,0.054364409298,-0.007630810142,0.138806626201,0.012531966902,-0.333016365767,0.145491823554,-0.060555443168,0.047130730003,0.012008425780,0.117009393871,-0.044737737626,-0.096711069345,-0.192160308361,0.060508690774,0.195782944560,-0.089401960373,-0.012656687759,-0.010929414071,0.026085367426,0.146128147840,-0.560085594654,-0.091170154512,-0.034099448472,-0.076175354421,-0.042536810040,-0.056410245597,-0.191467493773,0.227710843086,-0.025270219892,-0.101271629333,-0.000575826271,0.184015229344,0.025311734527,0.248996093869,-0.127650916576,-0.011087364517,-0.258795857430,0.116302080452,0.007339231204,-0.036955296993,0.253350973129,0.074499666691,0.103955902159,0.048084869981,0.019810346887,0.018275137991,0.158797249198,0.302494913340,0.069830857217,-0.264155030251,0.164118975401,0.123532332480,-0.021923316643,0.246182754636,-0.010984257795,-0.112584598362,0.056338623166,-0.013175320812,0.207874119282,0.076679319143,0.057657122612,0.154175221920,-0.094491101801,-0.032270453870,-0.037162337452,-0.030020160601,-0.125390812755,0.103637166321,-0.118693873286,-0.227601364255,-0.021955620497,0.028069922701,0.418231159449,-0.032378531992,-0.090737253428,0.136984676123,0.003089548089,0.085944525898,0.173073828220,-0.100570715964,0.217350602150,-0.110006734729,0.052246298641,0.075414277613,-0.166664019227
0.078963764012,-0.339718699455,0.180610522628,-0.047570239753,-0.167164489627,-0.054030396044,0.120396345854,-0.124726071954,0.466805696487,0.120523877442,-0.676593422890,-0.045019842684,-0.595310032368,-0.117014475167,0.390463799238,-0.107226386666,0.350222289562,-0.072950966656,0.061994433403,-0.004274786916,0.688823759556,-0.207298710942,-0.146600678563,-0.225661918521,-0.101028211415,-0.007997836918,0.003467782168,0.099071875215,-0.109542489052,-0.152296513319,-0.070706546307,0.369742006063,-0.187482744455,0.107027821243,0.246127516031,0.147247329354,-0.116756260395,-0.070117719471,-0.041797019541,0.202864155173,0.032738748938,-0.562478840351,-0.067981325090,-0.079342477024,0.116180628538,-0.228424072266,-0.043678097427,0.374056816101,-0.005762681831,0.002945577959,0.137007623911,-0.324460566044,0.341745406389,-0.141176268458,-0.003078442067,0.036421403289,-0.206439331174,0.123799607158,-0.062280282378,-0.051649592817,0.228855818510,0.002059315098,-0.084468141198,0.272152155638,-0.274067163467,0.074887514114,0.046396479011,-0.231179252267,-0.343799859285,-0.328204959631,0.410407930613,-0.212517052889,-0.000870865537,-0.290903538465,-0.445429831743,0.231179371476,-0.423407167196,-0.199741914868,-0.204529210925,-0.020891217515,0.210174962878,-0.133719414473,-0.146747142076,0.390338957310,0.293054729700,0.021097980440,-0.059680126607,-0.210044100881,-0.022060763091,-0.399437189102,-0.015672076494,-0.099830128253,0.019993759692,-0.413212835789,-0.223691195250,0.122238218784,0.300584495068,-0.666831195354,0.067784391344,0.199472323060,0.021450445056,-0.207329869270,-0.257811278105,-0.292053580284,-0.198927223682,0.170807570219,-0.330219119787,0.164663895965,-0.190917178988,-0.518080770969,0.249218657613,0.204782173038,-0.120934009552,0.104940041900,-0.242846861482,-0.143034845591,0.019722053781,0.227077767253,0.459598392248,-0.250348001719,0.116526104510,0.091749191284,-0.163385719061,0.033313084394,-0.131181269884,-0.382277429104,0.561019539833,0.040831118822
-0.262335658073,0.483596295118,0.092443123460,0.526865899563,0.054274793714,-0.126305565238,-0.059587877244,0.126135498285,0.035287562758,0.402153640985,-0.130818277597,0.130839630961,0.024138553068,0.523614943027,-0.021092511714,-0.207278683782,0.245360404253,-0.071541562676,-0.289846152067,0.204923048615,-0.266872793436,0.378797560930,0.242313280702,-0.141759321094,0.068780288100,-0.037445381284,-0.364002436399,0.151806309819,0.111495897174,-0.651330351830,-0.122318089008,-0.051710359752,0.193480059505,-0.103247806430,-0.116311796010,0.299178421497,-0.060565914959,-0.300266683102,0.161658123136,0.736198306084,0.258116036654,-0.146476343274,-0.249584019184,-0.195688709617,-0.177622810006,-0.310783743858,-0.135280355811,-0.003845279338,-0.100119270384,0.162799984217,-0.353144764900,-0.124739602208,0.309682071209,0.231425523758,0.089576564729,-0.099903456867,0.049245234579,0.114534728229,-0.346502155066,0.016944864765,0.458700835705,0.657441377640,0.782371640205,0.049955014139,0.191826939583,0.016215398908,-0.037946168333,0.017009623349,-0.563588500023,0.543903648853,-0.332151412964,-0.066292561591,0.012920945883,-0.092057660222,-0.287354677916,-0.013563972898,-0.020567132160,0.166369616985,-0.216791480780,-0.345593541861,0.223892718554,0.176551207900,-0.047047883272,0.127023816109,0.213721498847,-0.469392985106,0.032143011689,-0.402070701122,-0.531483471394,-0.127229154110,0.100426726043,-0.193597808480,-0.380507498980,0.072645604610,-0.590869426727,-0.012865672819,-0.048621419817,-0.329039812088,0.307476788759,-0.405171245337,-0.132014438510,-0.272625118494,-0.489852011204,0.057573519647,-0.179480522871,-0.023962911218,-0.127101942897,0.431134968996,0.208489507437,-0.183835625648,-0.178637295961,0.213523000479,-0.627370238304,-0.676050364971,-0.336928457022,-0.372063219547,-0.057329088449,-0.033701334149,0.067204736173,-0.111865669489,0.054135184735,-0.008467921056,-0.009887310676,0.672935843468,0.322015464306,0.863913953304,0.550373077393,0.097051590681
-0.498450815678,-0.250475138426,0.131232231855,-0.172841727734,-0.238929301500,-0.168018609285,0.118341341615,0.144971773028,0.056972544640,0.061967033893,0.010968545452,0.090562835336,0.075876310468,0.035220224410,-0.228627204895,0.222150444984,0.441560268402,0.282089054585,0.221405267715,0.132253900170,0.223248511553,0.548043847084,-0.265671789646,-0.389703840017,-0.115084052086,-0.203795537353,0.037698063999,0.050602007657,1.927611470222,0.989917635918,0.934130311012,-0.110415734351,0.406930446625,0.399779200554,0.283024668694,0.362765252590,-0.296130895615,-6.773793697357,-0.006442087702,-0.257364511490,-0.160437270999,-0.023784261197,0.102698370814,0.003094644053,-0.290785372257,-0.373804986477,-0.381826460361,0.232051476836,0.012379015796,0.008894783445,-0.240998789668,-0.282196283340,0.197630494833,-0.275543749332,0.164717823267,-0.061982143670,0.244068950415,-0.141124799848,0.006391834468,0.260866165161,-0.313770771027,-0.221173852682,0.273483604193,-0.083119787276,0.077127255499,-0.340922445059,0.071557246149,0.070745952427,0.315603852272,0.074635602534,-0.354709565639,-0.191792607307,-0.034395605326,0.159715875983,-0.122073993087,0.034093152732,0.015241680667,0.041788216680,-0.010636855848,0.254062831402,0.160601601005,0.012297444977,-1.841206192970,-0.228778854012,0.082757659256,-0.051157612354,0.079632617533,0.143080249429,0.508635342121,-0.011617547832,-0.861714839935,-0.320139110088,0.270281881094,0.088250368834,-0.287366986275,0.039793603122,-0.302867949009,-0.069372795522,0.000152370034,-0.494799315929,0.479879766703,0.167038261890,-0.040084414184,0.152371048927,-0.011739551090,-0.313137024641,0.088615939021,0.408913552761,0.123780488968,0.308182269335,-0.241994455457,0.104766845703,-0.547904551029,0.044533196837,-0.231545016170,0.126732259989,0.431797653437,-0.118504934013,-0.022757194936,0.136146143079,0.128734067082,-0.252610087395,-0.037464678288,-0.367351502180,-0.333599239588,0.160295724869,0.105173639953,0.494368553162
0.045725833625,0.100523732603,0.327308565378,0.001176830963,-0.074707299471,0.343085557222,-0.210507079959,0.055805325508,-0.165511995554,0.287781685591,-0.167634755373,-0.129851192236,0.274070262909,0.113699339330,0.032241895795,0.136468157172,0.316524982452,-0.042907003313,-0.274365544319,-0.165488466620,0.123187318444,-0.291529804468,0.036479972303,-0.490612298250,0.131905928254,0.121283993125,0.153511211276,-0.007690204773,-0.029998851940,-0.093564406037,0.043673701584,0.000905530644,0.171119451523,0.196846634150,-0.054286856204,-0.064145952463,0.292999714613,-0.036360923201,-0.173618912697,-0.037935134023,-0.090330757201,-0.268105119467,-0.075427733362,0.044077727944,0.179673209786,-0.202636346221,-0.043833971024,-0.075596034527,-0.290556311607,0.003377291840,0.000251698453,0.231987372041,0.207315191627,-0.201788201928,0.020690422505,0.018259244040,0.110076583922,-0.198182210326,-0.004836734850,-0.041039291769,0.005597500131,0.483567088842,0.177752763033,-0.013478723355,0.014134367928,-0.051650900394,0.034161411226,-0.091920785606,0.086262226105,-0.089982293546,0.169667661190,-0.260058045387,-0.007617458235,-0.111833631992,0.052341520786,0.053516592830,0.202651053667,0.133236572146,-0.098511107266,-0.659279823303,0.616376817226,-0.033402524889,-0.153358027339,-0.257982999086,0.281083434820,-0.226399838924,0.250197947025,0.080323331058,0.035285521299,-0.076894834638,0.350095033646,0.020897611976,-0.255904078484,0.109997406602,0.201222389936,-0.188017159700,0.602202594280,-0.177108645439,0.060717094690,0.276520609856,-0.058314189315,0.008154515177,0.389495015144,0.084168635309,0.051725320518,0.233859717846,-0.139121800661,0.127706855536,0.043478611857,0.056090824306,0.255794644356,0.176143825054,-0.190970674157,0.137974232435,-0.162235587835,0.327116966248,0.027102012187,0.152597084641,-0.476683318615,-0.031817566603,0.102407038212,-0.084490373731,-0.067046508193,0.219211414456,-0.032247051597,-0.055501654744,0.285201966763,-0.109643876553
-0.164456397295,0.222765266895,0.003378137946,-0.170457869768,0.054565649480,0.132733136415,0.011030785739,-0.112878546119,-0.226724997163,0.450824022293,-0.150296285748,-0.097242727876,0.143603965640,0.119497522712,0.067792907357,0.167454272509,0.162170186639,-0.293498128653,-0.174711063504,-0.055270154029,-0.319622427225,0.015511034057,0.017018318176,-0.177643299103,0.059112861753,-0.131799504161,0.081903293729,0.016218122095,0.028729327023,-0.022450394928,0.096796922386,-0.011121259071,-0.231079414487,0.032498911023,-0.085155293345,0.055626906455,-0.054987512529,-0.348795980215,-0.089984752238,-0.311855226755,-0.036516979337,0.059098545462,0.011872955598,-0.214000701904,-0.014968627132,0.500333786011,0.098751261830,-0.196625068784,-0.090423502028,0.052373301238,-0.043684944510,0.082741692662,-0.056701317430,0.129564300179,0.048797711730,-0.241384088993,0.382717579603,0.090150319040,-0.004994245246,-0.000490846345,-0.078804269433,-0.118377879262,-0.125388070941,0.148271858692,-0.019709974527,-0.076508738101,0.181279137731,0.013701686636,-0.011924865656,-0.010910221376,0.094421625137,-0.242869406939,-0.022728161886,0.183840885758,-0.020259225741,0.079718515277,0.082895651460,0.040046788752,0.010731485672,-0.180704742670,0.363727539778,-0.048605203629,-0.025865128264,0.207384556532,0.163508921862,-0.069513939321,-0.090284973383,0.178438365459,0.014360171743,-0.123654507101,0.018266232684,-0.080696910620,-0.132362261415,0.203115046024,-0.282278984785,0.141067206860,-0.201798602939,0.157389730215,-0.006838957779,-0.016842426732,0.021953918040,-0.092352971435,0.033269807696,0.053483277559,-0.006683926564,-0.004616318271,-0.160876929760,-0.152290299535,0.036790352315,-0.073152177036,-0.047259666026,0.165125384927,0.467588752508,0.300756663084,0.403883457184,0.184810861945,0.139707833529,0.033517129719,-0.170159786940,0.060531690717,0.044859562069,0.192372635007,-0.076824173331,0.067633092403,-0.228253036737,-0.115425981581,0.218911960721,-0.023909520358
-0.279269874096,0.231683939695,-0.196969270706,0.406974285841,0.066638991237,-0.094626076519,0.136712357402,0.006761794444,0.106423348188,0.085799910128,0.361337274313,0.271097242832,-0.000233498475,-0.135981068015,0.092272974551,0.096488378942,-0.077111616731,0.436231076717,0.208191275597,-0.166638836265,-0.207363188267,0.057917479426,-0.271595329046,0.286233127117,-0.218484640121,0.296984344721,-0.065243147314,0.001628102618,0.031756754965,-0.018145564944,0.105693072081,-0.042919512838,0.487237304449,0.018364883959,0.031400654465,0.197718083858,0.065691299736,0.013106739148,0.300061404705,0.390796393156,0.192707121372,0.023798497394,-0.062255997211,-0.231319442391,-0.281006574631,0.297146737576,0.019593471661,-0.177373737097,0.141807094216,-0.269108980894,-0.091593436897,0.005675554276,-0.325752466917,0.595921635628,-0.316038131714,0.154385209084,-0.085239499807,-0.343944936991,0.038027010858,-0.081853643060,0.046547483653,-0.195128500462,0.050780285150,0.004216323141,-0.217047363520,-0.073391027749,0.351438790560,-0.166695401073,-0.137385264039,-0.356387197971,-0.251514732838,0.007866156287,-0.012682617642,0.111595027149,0.060444209725,-0.239458546042,-0.067690692842,0.063730083406,-0.313047140837,0.263882607222,-0.120766669512,0.064184062183,0.302969127893,-0.117838025093,-0.121092461050,0.033396780491,0.179580375552,-0.012003360316,-0.020776763558,0.083737879992,-0.003688759869,-0.109625898302,0.072253733873,-0.033036824316,-0.131059497595,-0.123603709042,0.069884024560,-0.024085175246,0.120589941740,-0.029821692035,-0.181270509958,-0.010266717523,-0.230134710670,0.063268020749,0.005766487215,0.181379273534,0.294851034880,0.011896185577,-0.140456095338,-0.163158908486,-0.096737131476,-0.138953268528,0.331108421087,0.000720537559,-0.082282431424,-0.185279324651,0.001713525271,-0.341746151447,-0.014411618002,0.040368381888,-0.161556914449,-0.393757492304,-0.102607063949,0.069511480629,0.156775683165,0.039835587144,-0.255157440901,-0.101599708200
0.008918009698,-0.058797627687,-0.108472980559,-0.016217388213,0.089769072831,-0.227933764458,0.060523588210,-0.097966343164,0.087817072868,-0.202828720212,0.117179952562,-0.081709675491,0.135139897466,-0.172475948930,0.178040578961,0.114670105278,0.046876996756,0.119242779911,-0.049497798085,0.204203546047,-0.217104241252,0.183286011219,-0.002517961431,0.111636005342,-0.079080745578,0.004080056213,0.179192513227,0.162572816014,-0.055822636932,-0.061770085245,-0.034885071218,-0.067013509572,-0.078869715333,-0.185572147369,-0.163730397820,-0.053679317236,0.170865625143,0.192982658744,0.138807564974,0.146407425404,-0.068961694837,-0.093588359654,0.166193202138,0.004402488004,0.132039427757,-0.229875430465,-0.205890640616,-0.110749788582,-0.077064149082,-0.023534696549,0.123905867338,-0.052188601345,-0.006114816293,0.125827923417,-0.175651386380,-0.190587952733,-0.126212880015,-0.216350182891,0.188398316503,-0.139534443617,0.151425451040,-0.037499710917,-0.121566273272,0.117031946778,-0.112976379693,-0.088021919131,-0.213247597218,0.144839555025,-0.014789048582,-0.214388638735,-0.139065459371,-0.066810622811,-0.008958813734,-0.224293097854,0.051896419376,-0.039668347687,-0.054922021925,0.005926248152,-0.055066738278,-0.134318158031,-0.096381671727,0.108118645847,0.194629490376,-0.163194194436,-0.127759844065,-0.176177680492,-0.212964981794,0.191825971007,-0.062327716500,0.193329691887,-0.111525796354,-0.135926723480,0.086254164577,0.036191973835,-0.055053047836,0.033549297601,0.100973911583,-0.130974024534,0.069708168507,-0.033215310425,-0.150763943791,0.090634018183,0.182466834784,-0.031341671944,-0.162540584803,-0.141850352287,-0.064478047192,-0.156110659242,0.107276394963,-0.175342962146,-0.002237725072,0.095149055123,0.047330535948,-0.197244286537,-0.007835208438,0.111572504044,-0.057702418417,-0.047158882022,0.191433668137,0.078358627856,0.153843253851,-0.223331525922,0.000383497798,-0.113111652434,0.160114318132,0.075498409569,0.018672017381,-0.157790184021
-0.232281655073,-0.312881827354,-0.870018124580,-0.685862898827,-1.000864386559,-0.069529153407,-0.528234779835,-0.105056487024,-0.203811854124,-0.341788351536,0.432891517878,-0.277824610472,-1.049416065216,-0.181487187743,-0.305803418159,0.820413410664,-0.079972013831,0.451938420534,0.478624850512,-0.180114135146,0.243514508009,-0.596078932285,-0.021025858819,0.079233691096,-0.528296887875,0.186795338988,0.275379687548,-0.107628792524,0.122815661132,0.032779760659,0.099150210619,-0.378204256296,0.039119042456,0.092505194247,-0.203625798225,0.000716085429,0.127417922020,0.374986141920,-0.352298289537,0.642368137836,-0.085525445640,0.260291010141,0.405913412571,-0.241105988622,-0.116658829153,-0.198479831219,0.017960414290,-0.040083251894,-0.248411625624,0.625156283379,0.879936158657,-0.341104954481,-0.202009618282,-0.173655986786,0.062350776047,-0.152249604464,-0.019707864150,0.256007403135,-0.654433608055,0.268465429544,-0.241779044271,-0.072482556105,0.296575784683,-0.167758777738,-0.087701901793,0.073612198234,1.018516659737,0.298197537661,-0.162880942225,0.407786101103,0.106793902814,-0.019974116236,-0.026101423427,-0.362137585878,-0.417993992567,1.070552110672,0.323374897242,0.124448522925,0.087798155844,0.001824316336,0.158718794584,-0.473174393177,-0.092682018876,-0.255602806807,-0.148674309254,0.406381458044,0.325354516506,0.124352797866,-0.435218065977,-0.003727699630,0.591004848480,-0.748481750488,-0.126227498055,-0.184450373054,-0.040815815330,0.456142812967,0.076340831816,0.405592352152,-0.583646178246,-0.894557058811,-0.355583906174,0.206655606627,-0.293913990259,-0.501444339752,0.170144245028,-0.042965076864,0.025384614244,-0.445689201355,0.279711484909,0.021259883419,-0.864260852337,-0.060449451208,-0.071575321257,0.317755639553,-0.350885897875,0.022512510419,-0.053380675614,-0.656499147415,0.444512307644,0.085969805717,0.329818964005,0.190415754914,0.423984467983,0.487983942032,0.306295871735,0.477902054787,0.074631229043,-0.074820443988
-0.190552517772,-0.172009482980,0.139122664928,0.002154768212,0.048431590199,-0.162245273590,0.033915493637,-0.087199136615,0.369247138500,-0.160301178694,0.155891016126,0.306525349617,-0.006791008171,0.160401806235,0.108238652349,0.018631685525,0.290115416050,-0.100684925914,-0.123532921076,0.015091447160,0.523996353149,-0.110178172588,0.094577386975,0.217944607139,-0.205816730857,-0.054577089846,-0.020367873833,-0.014597855508,0.308838337660,-0.029212336987,0.178424865007,-0.078835882246,0.075831815600,-0.212607011199,-0.037809524685,0.171111032367,0.023511596024,0.088319703937,-0.034292366356,-0.241763412952,0.480893492699,0.130844324827,0.106572635472,0.014680398628,-0.306646227837,-0.116091422737,-0.042651418597,0.340536504984,-0.043530933559,0.250459611416,0.109999552369,-0.190278992057,0.089906349778,-0.081040769815,-0.106279946864,0.150571882725,0.610339522362,0.117436096072,-0.012332360260,-0.204723387957,-0.129623174667,0.251190721989,-0.085797421634,-0.858673155308,0.110161431134,0.049283318222,-0.240473344922,-0.059449400753,0.069198392332,0.168691992760,0.016030924395,0.022937847301,-0.070405699313,0.000600530300,-0.173873171210,-0.039927985519,-10.602416992188,0.026917565614,-0.295494645834,0.340626716614,0.049093630165,0.089123360813,-0.078178629279,0.088016852736,0.215015366673,-0.159758880734,0.052751347423,0.185859695077,0.004206996877,-0.174619063735,-0.081592202187,0.054993223399,-0.261645883322,0.112133480608,-0.019269391894,-0.040213387460,0.111588642001,-0.015012187883,-0.078294500709,0.022212265059,0.162974208593,-0.062580093741,0.059626258910,-0.016562948003,-0.139483794570,0.218614354730,-0.099853627384,-0.010557699017,0.067158468068,-0.127930551767,0.128607705235,0.199229121208,-0.291557610035,0.166117727757,0.147727012634,-0.113280236721,0.121350325644,0.118610329926,0.179721564054,0.031515244395,0.021464683115,0.126678854227,0.021934283897,-0.224338740110,0.348526865244,0.273944437504,-0.193016618490,-0.132852196693
-0.004672634415,0.126003339887,0.491304993629,0.179829224944,-0.651434481144,-0.096237622201,-0.096330396831,0.048820156604,0.255712062120,0.324139833450,-0.379909276962,-0.093106769025,-0.032519485801,-0.051422100514,-0.074305832386,-0.060682762414,-0.014133564197,-0.166587159038,-0.213739171624,0.191386714578,0.139299780130,-0.079288408160,0.007448646240,-0.010438802652,0.012977318838,0.057647798210,0.122664101422,-0.006096189376,-0.061700597405,0.022977167740,-0.065026424825,0.046296697110,0.029856022447,0.155884325504,0.054834831506,-0.169560194016,-0.098599113524,-0.152392774820,0.027562929317,-0.444770008326,-0.060059096664,-0.362536936998,-0.057019073516,-0.399042695761,-0.037679489702,-0.107027553022,-0.050392135978,-0.218698903918,-0.178228363395,0.080337658525,0.240406870842,-0.078966163099,0.034595824778,0.393512189388,0.244104623795,0.101961515844,0.194212958217,0.078187130392,0.050416965038,0.611916303635,0.064952082932,-0.012896781787,-0.019874954596,-0.012430608273,-0.052146263421,0.103226579726,-0.613650619984,0.083153761923,-0.033520527184,0.140495210886,-0.233746588230,-0.140256509185,0.036259114742,-0.010017339140,-0.365537852049,0.271444976330,-0.111090511084,0.154576554894,0.010290138423,0.426575303078,0.046259880066,0.000171820604,0.073875814676,-0.076288335025,0.076293528080,0.179912790656,0.018889671192,-0.235399052501,0.002984418767,-0.076090358198,-0.005134583917,0.254611790180,-0.250922381878,-0.123859494925,0.119740851223,0.127993226051,0.005014269147,0.218708410859,0.311706662178,-0.183122664690,-0.159230694175,-0.124895386398,-0.048183888197,-0.477085351944,0.338232964277,0.011242306791,-0.437164455652,0.138112589717,-0.040115650743,-0.381177484989,-0.112373180687,-0.099496871233,-0.203969657421,-0.013394899666,-0.017591923475,-0.231813207269,-0.024417091161,0.374049007893,-0.035065799952,-0.015671409667,0.405285418034,-0.042093239725,-0.390462249517,-0.084442354739,-0.117846235633,0.051674619317,0.031923662871,0.034705292434
-0.010543451644,0.005722739268,-0.085137985647,-0.085095196962,0.031291890889,0.110217973590,0.008980260231,-0.139170363545,0.035563301295,0.032851174474,-0.071336291730,-0.053531557322,0.022231012583,0.002156983130,-0.019204851240,0.000452290988,0.055892996490,0.259679347277,-0.016779871657,0.192726626992,0.066559083760,-0.032671004534,-0.022004693747,0.062788642943,0.069248929620,-0.000345082808,0.060997989029,0.015968907624,-0.000331914140,1.936928749084,-0.337498009205,0.022011285648,-0.221451669931,0.083111323416,-0.033906549215,-0.017275644466,-0.014322349802,-0.762723207474,-0.002933182055,-0.115580134094,-0.102643847466,-0.092070117593,0.009392109700,0.061791971326,0.041733805090,-0.173114627600,-0.315277516842,-0.017372509465,0.030455514789,-0.032890256494,0.030160244554,-0.003221775405,0.072915159166,-0.097737953067,0.048491958529,-0.101206041873,0.050257012248,-0.091026149690,-0.018759895116,-0.013706992380,0.093058876693,0.080839626491,0.001659126137,0.164894238114,-0.096629969776,0.061291843653,0.009838312864,-0.001365521573,-0.159229621291,0.139701798558,0.093229472637,-0.064289361238,-0.784440159798,0.011758239008,0.033974010497,-0.056939102709,0.479733020067,0.020066460595,0.011051516049,-0.130710706115,0.061496108770,-0.046911481768,-0.184373989701,-0.230325162411,0.040978152305,0.018106929958,-0.031021893024,-0.013807930984,0.032776106149,-0.085632458329,-0.104094937444,-0.046220958233,0.014836588874,-0.004063731059,0.033560276031,-0.030563427135,-0.041154574603,-0.008156426251,0.049985162914,-0.024498144165,-0.074918545783,0.025683991611,0.016248703003,-0.010778409429,-0.008710278198,-0.018361002207,0.063213273883,0.039069522172,-0.139135748148,-0.032964985818,-0.025547377765,-0.181101202965,0.099950581789,-0.012722439133,-0.146056830883,0.061182212085,-0.014927491546,-0.066969364882,0.060292601585,-0.003318020608,0.035620752722,-0.086436048150,-0.020615119487,-0.091758392751,0.051362015307,0.089690499008,-0.072434529662,-0.006427917164
0.637053847313,-0.049646791071,0.017303228378,-0.387157410383,-0.063995115459,0.055979009718,-0.390095263720,-0.034243371338,-0.005663556512,-0.326420277357,-0.082223355770,-0.278192073107,0.439444094896,0.021340299398,-0.024566089734,-0.613937675953,-0.012412053533,-0.239530608058,0.054520625621,-0.100601345301,0.183832883835,0.000606580230,-0.051967345178,-0.005191409960,0.509410917759,-0.095475368202,-0.025988727808,-0.011632732116,-0.001563743339,-0.011990235187,-0.000497433124,-0.038770277053,0.021187707782,0.010623138398,-0.043073378503,0.435951918364,-0.036248948425,0.370745927095,-0.079465731978,-0.242797732353,0.016090065241,-0.061395045370,-0.533220231533,0.155539408326,-0.026853276417,-0.078359790146,-0.047858580947,-11.157082557678,0.033889781684,-0.341243267059,-0.157266527414,0.362326264381,0.009227798320,0.305638521910,0.140826553106,-0.748482942581,0.053636524826,-0.034807395190,0.127300664783,-0.035954352468,0.021875558421,0.001932301209,0.040998425335,-0.470303297043,-0.263946950436,0.080146931112,0.016315454617,-0.523819565773,0.919448435307,0.124981306493,-0.237032890320,-0.003218326485,0.004498129245,0.037018217146,0.407834738493,0.405385971069,-0.033732742071,0.031909532845,0.072784587741,-0.542723953724,0.246577262878,0.063902623951,0.028771482408,-0.197298809886,-0.000514289713,-0.215939104557,0.066459268332,-0.153784170747,0.045746617019,0.129152506590,-0.128598570824,-0.074614338577,0.011107098311,-0.071508064866,0.511005043983,-0.220901206136,-0.029529001564,-0.002771996660,0.082598060369,-0.158358156681,-0.047582186759,0.010245586745,-0.134176373482,-0.338152140379,-0.074962265790,0.011470696889,0.112508691847,-0.255567967892,0.047069244087,-0.044321749359,0.201742544770,0.005428326316,0.199162840843,0.067024365067,0.310740083456,0.225949749351,0.041120458394,0.048221886158,0.000575903454,0.036876950413,0.682358205318,0.307268023491,-0.129821896553,-0.137782588601,-0.061108477414,-0.014248226769,0.297744631767,-0.010624548420
-0.373600155115,0.027310732752,0.317877382040,0.096944563091,0.081538483500,-0.124126337469,-0.033391382545,-0.046479739249,0.123511336744,-0.402488887310,-0.326494961977,-0.064946137369,0.041891340166,0.096438743174,0.075037293136,0.093614362180,-0.192134901881,-0.526937186718,0.037514198571,0.075616709888,0.227097406983,0.135957866907,-0.085612438619,-0.100271642208,0.038815196604,-0.171943753958,-0.071897506714,0.026580018923,0.090297482908,0.070787794888,0.240166872740,0.012908978388,-0.077619105577,0.323359191418,-0.062388166785,-0.869261443615,-0.118738502264,0.010849137791,0.102815449238,0.219539165497,0.414233088493,0.083496212959,-0.159546718001,0.027164420113,0.179396659136,0.311491906643,0.028364652768,-0.217387363315,-0.079587318003,-0.377375930548,-0.102892726660,-0.051056470722,-0.112939462066,-0.117571167648,0.136021435261,-0.420468598604,0.255613327026,-0.119203880429,0.030098665506,0.104056909680,0.094659477472,-0.007182270288,-0.001931750798,0.126288384199,-0.011394017376,-0.101421825588,-0.018950654194,-0.061577945948,-0.240825682878,-0.062492839992,-0.142819657922,0.230465352535,-0.037926569581,0.110656857491,0.022351730615,0.172610208392,-0.015514465980,0.049040310085,0.107755273581,0.294722467661,0.192690461874,0.160593345761,-0.591153085232,0.498260706663,-0.121443554759,0.009048987180,-0.005781915970,-0.138716802001,0.256298243999,0.229436635971,-0.129395008087,-0.281018167734,0.052784081548,0.022046597674,-0.036359723657,0.100832432508,0.224290013313,-0.200696885586,-0.013979415409,-0.034529279917,0.150985658169,0.061961743981,0.044992320240,0.004526646808,-0.045543391258,-0.023222275078,0.294885098934,0.520098805428,-0.321115016937,0.180197656155,-0.048243004829,-0.092274948955,-0.209173053503,-0.006000498775,-0.580791413784,-0.189196169376,0.168159320951,-0.103344261646,0.397721856833,0.042862236500,0.074966296554,-0.056710895151,-0.033824726939,0.362761795521,0.379571795464,0.051872499287,0.207524076104,0.021723816171
-0.066272966564,-0.086205884814,-0.238814249635,0.451540857553,0.338947623968,0.097387023270,-0.126088753343,-0.016090832651,0.071350447834,0.359587877989,-0.032202921808,0.075584195554,0.104764014482,0.053492687643,-0.009750859812,0.187397882342,-0.103126138449,-0.249477729201,0.059017226100,0.025145744905,0.155386015773,-0.473680645227,0.060987249017,-0.093804717064,0.496265113354,-0.303853243589,-0.092281624675,-0.016344679520,-0.064393870533,-0.073273889720,0.024401606992,-0.025382030755,-0.029667494819,-0.016497910023,-0.006571185309,0.156444400549,0.443413466215,-0.278838455677,-0.317339748144,0.112325295806,0.234742879868,-0.166826590896,0.051651567221,-0.065963603556,0.015043811873,-0.050169151276,-0.017501438037,0.130700588226,-0.321087241173,-0.316552102566,-0.118233531713,0.018194109201,0.327927500010,-0.071516245604,0.127700775862,0.133106023073,0.156542673707,0.875407516956,-0.017551250756,-0.056315924972,-0.039111550897,0.104750283062,-0.127927109599,-0.188517570496,0.599267184734,0.108481407166,0.235383823514,0.006668662187,-0.100539855659,-0.285690039396,0.125770717859,-0.131516575813,0.026384593919,-0.072900407016,-0.083921298385,0.023332158104,-0.038514666259,0.035299934447,-0.152727931738,0.439174920321,-0.000961811631,0.049236886203,0.037441249937,-0.251189649105,-0.055351976305,-0.020973879844,-0.087723582983,0.116970494390,-0.127050206065,0.046429052949,-0.470969915390,-0.196894943714,0.129207000136,-0.171869501472,0.011824144050,-0.054495580494,-0.045758202672,-0.070377945900,-0.002506461227,0.004004658666,-0.027637081221,0.054373692721,0.029428578913,0.117748104036,-0.019819803536,-0.064076974988,0.029147488996,-0.038668040186,-0.094880133867,0.100327059627,0.111086249352,-0.076969534159,0.341261267662,-0.151522710919,-0.196737930179,-0.249210834503,0.052073393017,-0.047178421170,-0.284065216780,-0.031311675906,-0.022823946550,-0.165954783559,0.025435134768,-0.150249347091,0.041733950377,-0.096090286970,-0.127286866307,0.016976069659
0.323740243912,-0.039807874709,-0.122987188399,0.158671557903,0.097928680480,0.134189918637,0.161498546600,-0.079501405358,-0.163483604789,-0.034061215818,0.133286982775,-0.207172513008,0.020484533161,0.174581423402,-0.166711509228,-0.274638175964,0.779669880867,0.118235267699,0.200901240110,-0.150391921401,-0.069387011230,0.100031092763,-0.235145166516,0.392478227615,-0.150734737515,-0.184039413929,0.226673290133,-0.001474443940,-0.035642497241,0.104741297662,-0.074900783598,0.060474567115,-0.280461341143,0.272279232740,-0.031205408275,0.157121777534,-0.042566843331,-0.014600469731,0.016588766128,-0.339868903160,0.266993135214,0.085041545331,0.182101875544,0.262836098671,0.004542609211,0.096688635647,0.025512903929,0.005163579714,0.598326683044,-0.111930601299,-0.019860055298,0.196790501475,0.267378747463,-0.302764087915,0.022813463584,-0.011179069057,-0.046853095293,0.089080937207,-0.032617907971,-0.003162026173,-0.075131677091,0.046553060412,0.020850516856,-0.066706813872,0.304133385420,-0.027417277917,0.209421843290,-0.155132472515,0.064219146967,-0.020061766729,-0.167899683118,0.239995032549,0.003877673531,-0.082705497742,-0.232726722956,0.005117060151,-0.053633891046,-0.178964301944,-0.330750882626,-0.178843125701,0.180440947413,0.154936298728,-0.002642508596,0.318499445915,-0.023526452482,-0.010942889377,0.072986535728,0.179730772972,-0.045966073871,0.058314915746,0.073087096214,-0.093198113143,-0.065532177687,-0.026835659519,-0.124391339719,-0.068326056004,0.126830607653,0.005928606261,-0.114965140820,0.022052826360,0.330147594213,0.117705874145,-0.002855831059,-0.117594033480,0.008389716968,-0.111550137401,-0.161625534296,-0.029765123501,0.204259321094,0.046366561204,0.138884186745,0.190932378173,-0.171115025878,0.043185204268,-0.164043620229,0.017850402743,-0.090307012200,0.087517552078,0.042273432016,0.028579434380,0.449095129967,-0.001562617486,-0.004154146649,-0.016532758251,-0.090871483088,0.054351441562,-0.247799187899,-0.178497552872
-0.695869028568,0.030096320435,0.122718155384,0.294943422079,0.129831850529,0.113929495215,-0.188226222992,0.111997164786,-0.497562974691,0.371090203524,0.333789855242,0.122927986085,0.045975152403,-0.036064621061,-0.431504160166,0.119405612350,1.073514223099,-0.600663900375,-0.325171560049,-0.036317367107,0.158338576555,-0.006289797835,-0.340899944305,-0.080935411155,-0.036301542073,-0.018766541034,-0.225551724434,0.003910114523,-0.098845936358,-0.005312866066,-0.022803122178,-0.125666067004,0.242626219988,0.047511026263,0.019231503829,-0.123553365469,-0.016612334177,0.131864413619,0.018643980846,-0.330024152994,-0.121861934662,-0.370712131262,-0.345559984446,-0.080416232347,0.060323029757,-0.044803958386,0.011334480718,0.084767758846,0.103693179786,0.226262271404,-0.100183896720,0.142399817705,0.088888488710,0.034872833639,0.173070743680,0.085679762065,0.326227605343,0.070165999234,-0.098530329764,0.303539365530,0.012826009654,-0.043416172266,0.043334558606,0.063733361661,-0.052171342075,0.000507110672,-0.001699438668,0.116137534380,-0.353133499622,-0.133035942912,-0.002647697227,0.925779342651,0.055208414793,0.516274213791,0.234335437417,-0.204785600305,0.008202402852,-0.226984441280,-0.012349302880,0.317870169878,0.041634533554,0.068595185876,0.022269137204,-0.625583767891,-0.460096806288,-0.012189568952,0.089194886386,-0.097870372236,-0.037637274712,0.025036094710,0.270362406969,-0.154812365770,0.056390684098,-0.008859739639,-0.000843767310,0.020284615457,-0.011695992202,0.314079016447,-0.024144126102,-0.215004011989,-0.110363394022,0.198222234845,-0.438628822565,0.026490194723,-0.118990294635,-0.185007199645,-0.055315133184,0.014379288070,0.050457213074,0.371654540300,0.194288864732,0.209040075541,-0.064491949975,-0.074999637902,0.255671888590,-0.087779797614,0.037821155041,0.063270717859,0.011751539074,0.260182917118,-0.217087328434,-0.127165183425,0.006218321156,-0.054068945348,0.174791023135,0.020888306201,0.116842932999,-0.665433585644
0.010689283721,0.160164713860,-0.258026242256,0.104279823601,0.283428817987,-0.282442808151,-0.073070541024,-0.200471192598,-0.087094351649,0.084028407931,-0.353602200747,0.363205879927,-0.056266285479,0.021173719317,-0.092737235129,-0.219993054867,-0.207413941622,0.406105428934,-0.185037791729,0.104420788586,-0.138971105218,-0.212949320674,0.384483963251,-0.331821709871,0.147787064314,-0.006954840384,-0.335584759712,-0.006401527673,-0.226825818419,0.076122976840,-0.033298362046,-0.093889303505,0.599475264549,-0.190692126751,0.066272340715,-0.005149224307,0.466755092144,0.123891808093,-0.083255976439,0.155592218041,-0.280999779701,0.170743495226,0.180342808366,-0.032112732530,-0.177944585681,-0.427323222160,-0.060424186289,-0.170381575823,-0.137102484703,-0.092782370746,-0.140107989311,-0.158642232418,0.116890735924,-0.264909505844,0.128476321697,0.744796395302,0.264068514109,-0.030415937304,0.005093759391,0.069004043937,-0.043290562928,-0.167549461126,0.156793236732,0.010803532787,0.212047547102,-0.029837429523,0.151061713696,0.262649118900,0.088472269475,0.309953331947,-0.143613398075,-0.057576350868,-0.036844577640,0.134952828288,-0.026787674055,-0.171734392643,-0.094742558897,0.077379234135,0.252741008997,0.036334589124,-0.663945257664,-0.057753518224,0.179848790169,-0.805797576904,0.406574845314,0.565641224384,0.035302773118,-0.027078989893,-0.113173805177,0.052158959210,-0.067000269890,0.535245418549,-0.209099769592,0.026860719547,-0.120222210884,0.028053831309,-1.429683923721,-0.025461088866,-0.030282424763,-0.113849848509,-0.099906995893,-0.103496275842,0.018414640799,-0.171979010105,-0.153446063399,-0.044594876468,-0.270541936159,-0.248483210802,0.011280509643,-0.179468810558,0.062738411129,0.037051104009,-0.133448749781,-0.108287595212,0.220544844866,0.087209895253,-0.099880866706,-0.068321444094,-0.151911199093,-0.190762966871,-0.189278513193,-0.136775746942,-0.164159715176,0.078418612480,0.051869213581,-0.234727010131,-0.076207563281,0.191724181175
0.127024158835,0.195272296667,0.006495586596,-0.003526142333,-0.018184835091,-0.219914466143,0.122366234660,-0.180495277047,-0.153662279248,-0.023108569905,0.057994678617,-0.181983307004,0.200297430158,-0.007074246183,-0.012661320157,0.135338023305,0.056285649538,0.131610825658,-0.168934404850,0.180379167199,0.070941165090,0.102494843304,0.243558764458,-0.069605633616,-0.060980889946,0.156686604023,-0.042378738523,0.017843235284,-0.037803489715,-0.004652159289,-0.007504628040,-0.064672097564,0.109147392213,0.249668762088,0.018605448306,-0.688105046749,0.178720802069,-0.078108966351,-0.022399831563,0.109426125884,0.125798627734,-0.184952825308,0.003465958871,-0.204338029027,0.119205325842,0.065890140831,-0.034824635834,-0.152942270041,-0.012773165479,-0.074960865080,-0.068436086178,-0.078101687133,0.342655211687,-0.147169411182,-0.001113913604,0.292349308729,-0.136421382427,-0.268825888634,0.005816325080,-0.057495944202,0.051858115941,-0.050292573869,0.021857472137,0.349475383759,-0.040820501745,-0.073625713587,0.191515877843,-0.082180142403,-0.105716452003,0.126981601119,0.012354789302,0.187180146575,-0.013182036579,-0.193102002144,-0.103905938566,0.255453735590,-0.202447295189,-0.468402922153,-0.261331647635,-0.300235807896,0.171450510621,0.034516993910,0.089643366635,-0.112320296466,0.087378501892,-0.066983982921,0.067451126873,-0.033628460020,-0.059060778469,0.185186058283,-0.257789105177,-0.133836179972,-0.059821471572,-0.016431739554,-0.157827392220,-0.130175188184,-0.142338350415,0.098701015115,0.140418961644,0.166548773646,0.217234969139,-0.114883653820,-0.097716160119,-0.217044785619,0.050924863666,0.017512833700,-0.276170551777,-0.003284467151,-0.181169465184,0.255771607161,-0.050691675395,-0.162730142474,0.032376725227,-0.024623855948,0.057998687029,0.121811330318,0.006328590214,-0.205383285880,-0.188876137137,0.138432636857,0.048946890980,-0.120750889182,-0.000989911496,-0.264805585146,0.023220011964,0.055261287838,-0.094266824424,0.096286669374
0.036383338273,-0.196288242936,-0.263107419014,0.284989744425,0.330920338631,-0.030628839508,0.074948385358,0.136631876230,0.056452285498,0.004939909093,0.030317315832,-0.039427626878,0.227095305920,0.173094421625,0.051624432206,0.029227530584,0.097169056535,0.077840648592,0.138896718621,0.048312455416,0.919017016888,0.295861959457,-0.230931639671,-0.240550920367,0.419140964746,0.105050869286,0.110474072397,-0.026700701565,-0.118065446615,-0.005153945647,0.041927937418,0.008995197713,0.078251414001,-0.006139726378,-0.093419075012,-0.058895282447,0.540405035019,0.039699453861,-0.287163764238,0.132352799177,-0.452893167734,-0.036901403219,0.122889041901,0.072398409247,-0.130408778787,-0.421666532755,0.046327725053,0.440610110760,0.129828557372,-0.177063614130,0.169636547565,0.143161162734,-0.337988317013,-0.725816130638,0.112622044981,-0.491370797157,-0.057990457863,-0.346837103367,-0.188734397292,-0.017796704546,-0.072611495852,0.298023045063,-0.057231437415,0.058347340673,0.071785368025,-0.022519053891,-0.065347187221,-0.047531928867,-0.362145245075,0.069782905281,0.873077392578,0.011097592302,-0.013004625216,-0.178275525570,-0.026681380346,-0.040702816099,-0.015175632201,-0.053335532546,0.700097382069,-0.194365248084,0.108338832855,-0.271778106689,0.005043894984,-0.035748023540,-0.053987201303,0.535512506962,0.101363092661,0.291092246771,-0.186228632927,-0.269768744707,0.327634274960,-0.396023392677,0.282893478870,0.025103664026,-0.384283274412,-9.499612808228,-0.061468213797,0.066999346018,0.205325543880,0.025445230305,-0.000977098127,0.107674382627,0.181255728006,-0.054224114865,-0.020728038624,-0.346980184317,-0.061302889138,0.325776994228,0.251589506865,-0.034049272537,-0.081700772047,0.169604554772,-0.311622917652,0.432309895754,-0.052287161350,-0.075052425265,0.107855662704,0.041610512882,-0.250278472900,0.092528462410,0.047640576959,0.167876303196,-0.088417343795,-0.045077469200,-0.366874635220,0.354988247156,0.331124216318,-0.345651596785
-0.213559657335,0.234943419695,-0.180350199342,0.348350763321,-0.146826148033,-0.075371488929,0.128091782331,0.040631745011,-0.091171428561,0.204701945186,-0.048134349287,-0.079024396837,-0.124115318060,-0.052373830229,0.188345402479,0.403419077396,-0.526066243649,0.259898602962,0.138713106513,-0.137764826417,-0.279280662537,-0.095756828785,-0.326825231314,0.464100807905,0.034375037998,0.039418958127,-0.310726135969,0.026633020490,-0.058628872037,-0.011024606414,-0.072022087872,0.204097151756,0.329101383686,-0.134265437722,0.090705789626,0.721440374851,0.079101547599,-0.385296612978,-0.096083894372,-0.036090359092,0.008801337332,0.472894042730,0.061494421214,0.519536316395,-0.310173034668,-0.045079350471,-0.079719796777,0.055709831417,-0.058004681021,-0.002461381257,-0.316094338894,-0.085332527757,0.010349961929,-0.145060405135,-0.114473417401,0.044908367097,0.110552348197,-0.071460582316,-0.002761810087,-0.179740369320,-0.692381143570,0.035670477897,0.548693835735,0.026381852105,0.231078222394,0.019458202645,0.338528960943,-0.095337934792,0.147060230374,-0.425035297871,-0.099176764488,-0.033001124859,0.023981401697,0.548672378063,-0.122073963284,0.278244286776,-0.071782685816,0.104541338980,-0.043557077646,-0.139060989022,0.473732024431,-0.086864322424,0.075861550868,-0.232746765018,-0.087028943002,0.212388843298,0.188421428204,-0.464430630207,0.030451122671,0.021395698190,-0.487864375114,0.061072006822,0.003624429926,0.160387501121,-0.487234175205,0.094152010977,-0.338449358940,-0.132511913776,-0.464855104685,0.231959208846,0.084077343345,0.126026645303,0.123871497810,-0.204028964043,-0.000558028638,-0.267832189798,0.043833442032,-0.450206518173,0.267973005772,0.461389422417,-0.770350217819,0.113505139947,-0.001353944885,-0.003753509838,0.253690958023,-0.042993716896,-0.083038084209,-0.029209617525,-0.278074443340,-0.019097000360,0.081736125052,-0.161104142666,0.189365342259,-0.379331201315,-0.528567433357,0.182352051139,-0.111373253167,0.099352411926
0.094625152647,-0.402964413166,0.121199622750,-0.132522717118,-0.169074147940,0.089021407068,0.016540592536,0.120286963880,0.104995355010,-0.072115279734,0.393150120974,-0.109064571559,-0.364852964878,-0.005890592933,-0.164800092578,0.062612526119,-0.136151090264,-0.091648563743,-0.161555275321,-0.161917060614,0.942011594772,0.109932988882,-0.360357999802,0.136106371880,-0.328877717257,0.647817909718,-0.001485536573,-0.049505829811,0.161279901862,-0.046665206552,0.045321743935,-0.077874228358,0.062164053321,-0.035927195102,0.071979023516,-0.420225083828,-0.199906095862,-0.439525276423,-0.338979274035,0.032848808914,-0.028239758685,0.236678808928,-0.084407523274,-0.125006496906,0.161205083132,-0.124346353114,0.076342083514,1.015341997147,0.031657181680,0.209253609180,-0.029633188620,-0.374310135841,0.131378427148,0.028245989233,0.073972105980,0.062475468963,0.096140988171,0.227769359946,-0.026435935870,0.028513964266,-0.116920188069,-0.351028352976,-0.321907997131,-0.000441101089,0.319123536348,0.050686914474,0.024625668302,-0.202567145228,-0.186917319894,0.128686398268,0.248872563243,-0.036669652909,0.036785677075,-0.207883074880,-0.418945014477,0.043394986540,0.049507562071,-0.175091803074,0.438403874636,0.518866419792,-0.120619602501,-0.130898147821,-0.690244436264,-0.213719874620,0.001540211146,0.236943542957,-0.003421001369,-0.285319566727,-0.164212018251,-0.238476172090,0.541301071644,-0.123940169811,0.392656058073,-0.105929754674,-0.274954497814,0.022594667971,-0.135746642947,0.092675432563,0.000845391594,-0.311953127384,-0.199857622385,0.067442916334,0.039923340082,-0.227062642574,-0.245321393013,0.121515348554,-0.048702850938,0.263412058353,0.345308214426,-0.071896798909,-0.018325153738,0.078100062907,-0.313920140266,0.080610752106,-0.079430833459,-0.288593351841,-0.113373041153,-0.242209255695,-0.417480766773,0.373457580805,0.240021482110,0.110448472202,0.329419851303,-0.007666867692,-0.181709706783,-0.065015420318,0.031195646152,-0.233381941915
0.327917397022,0.408328860998,-0.054743416607,-0.105217218399,-0.572595298290,-0.134572729468,0.113021120429,-0.155082449317,-0.134533151984,0.086879290640,-0.036364946514,0.212588161230,-0.029125878587,-0.112046577036,-0.090902000666,-0.310373455286,0.082031115890,-0.056196674705,-0.225600019097,0.152343943715,0.028479320928,-0.483115524054,-0.103650495410,-0.036044869572,0.127214968204,-0.033307071775,-0.093385927379,0.031114988029,0.003034301102,-0.126177549362,-0.073799058795,-0.199041545391,-0.317135274410,-0.227808311582,0.022264109924,0.431021273136,-0.621142029762,-0.511327922344,-0.155543893576,0.568160951138,-0.038472432643,-0.093501478434,-0.114987947047,0.105237290263,0.154587164521,-0.039730217308,0.010509105399,-0.111500903964,0.151241540909,-0.255675524473,-0.157802611589,0.163334012032,0.289862781763,-0.109448805451,-0.122481465340,0.173685565591,0.093946233392,0.186704099178,-0.065738223493,-0.133193492889,0.041700318456,0.056663103402,0.056583922356,-0.078713737428,-0.152125969529,0.052635256201,-0.190791592002,-0.081206038594,0.104467645288,0.442766070366,0.050698954612,0.292062342167,-0.004487326369,-0.104558907449,0.104819707572,0.155509978533,-0.155238017440,0.094552189112,0.262293219566,-0.131397038698,-0.311266124249,-0.212213233113,0.253951400518,-0.046285673976,0.020129319280,0.285029470921,-0.023648515344,-0.089709714055,-0.134618863463,0.040069181472,0.137953966856,0.465846657753,-0.315897047520,0.092088192701,-0.065877005458,0.168854668736,-0.018071804196,-0.140381410718,-0.054109364748,0.070676520467,0.047477252781,0.113860823214,-0.204951792955,-0.307455480099,0.163974225521,0.393446087837,-0.143909588456,-0.141340345144,0.012898174115,-0.249058425426,0.071764871478,0.064038492739,-0.000976227748,-0.059824023396,-0.264100134373,-0.023691548035,-0.028902160004,0.064662754536,-0.119609333575,0.088119044900,-0.062640763819,-0.137266218662,0.240515917540,-0.074080459774,-0.079694800079,-0.070418879390,0.142866775393,0.044687807560
0.326354801655,0.155527055264,-0.141762152314,0.047907747328,0.067266963422,-0.126052662730,-0.108859919012,0.047087192535,-0.329944342375,-0.048165500164,0.012850834988,0.014511181973,-0.110980860889,-0.062855258584,-0.026000682265,0.054515492171,-0.109108731151,0.076244957745,-0.126309826970,-0.203361198306,0.185445249081,0.112588912249,-0.029739858583,0.003147470066,0.195487171412,0.310574412346,0.309136271477,-0.018858106807,-0.034588690847,0.104701720178,-0.056134305894,-0.070535421371,-0.008011545055,0.070074714720,0.139992445707,-0.433942914009,-0.004774518777,-0.252174288034,-0.047318141907,0.121082112193,0.012114469893,0.214725121856,0.000673850067,0.063263781369,0.066397175193,-0.144401073456,0.000672958035,0.268325924873,-0.106631450355,0.002513169544,-0.033124390990,0.050209894776,0.156021013856,-0.257238894701,0.097475148737,0.051950845867,0.164288088679,0.116700902581,-0.103352531791,-0.029298130423,0.057819057256,0.054563287646,0.128460049629,0.028271561489,0.183864340186,0.026647992432,0.176473125815,0.043406993151,-0.082476772368,-0.153851315379,-0.041537880898,0.022912258282,-0.004772445187,0.161904975772,0.005573589355,0.110227622092,-0.141886502504,-0.114721499383,-0.318616539240,0.173422724009,-0.218740656972,-0.052486401051,0.284784823656,-0.258780866861,0.388158023357,0.024982508272,0.005577233154,0.389199674129,-0.010729291476,-0.112820528448,-0.168048173189,0.070676654577,0.051275696605,-0.082681126893,0.047261424363,0.156280755997,0.033589627594,-0.170224845409,0.018625959754,0.122163914144,0.223998442292,-0.160583421588,-0.230184376240,-0.002889390802,-0.037630107254,-0.036752812564,-0.083869040012,0.129301398993,-0.195945337415,0.125974327326,-0.165819346905,-0.070789061487,0.134509488940,0.045505188406,-0.341137468815,0.003768484108,-0.136945933104,0.205931350589,0.109917432070,-0.022097116336,-0.065310738981,-0.185017153621,-0.001639069524,-0.161270245910,0.078250929713,0.020934240893,-0.118352115154,0.010426478460
0.190133720636,-0.038459859788,0.026238122955,0.192093610764,-0.178011581302,-0.163182154298,0.127388358116,0.144125252962,0.240696519613,-0.204963266850,-0.043414216489,0.097352109849,-0.004665298853,-0.017426708713,0.042810790241,0.173461362720,-0.015556560829,0.414419025183,-0.086474284530,0.050301432610,-0.037220988423,0.002902847249,0.126900345087,0.105616249144,0.240490987897,0.062832504511,0.197938457131,-0.006944252178,-0.025241857395,0.000442281773,0.003284840146,0.122794441879,-0.263378918171,-0.322021752596,0.049118924886,0.107225701213,0.014137784019,-0.059636786580,0.009172494523,0.067737109959,-0.015092157759,0.179325118661,0.237935408950,0.134794905782,-0.089350529015,0.028171487153,0.003542515682,0.024735951796,-0.137986168265,0.116313584149,0.091929905117,-0.018231403083,-0.115130111575,0.179064199328,-0.053260244429,0.232368245721,-0.216770559549,0.151332348585,0.006501450669,-0.285601079464,-0.071287080646,-0.049435663968,0.099634535611,-0.230025768280,0.274602025747,0.028832456097,-0.203481778502,-0.090388394892,-0.002825141186,0.307252228260,-0.060741081834,0.080747291446,-0.033180199564,-0.242778390646,0.015977151692,0.202256307006,-0.083618246019,0.063232295215,-0.103874690831,0.053604848683,-0.046063229442,-0.075438380241,0.105874001980,0.432398229837,0.372770965099,-0.055056285113,-0.083923391998,0.090881638229,0.047088380903,-0.009143807925,-0.122265279293,0.187810719013,0.037669509649,0.088211737573,0.080889075994,-0.218028813601,-0.077738866210,-0.122718937695,-0.069175906479,0.134875997901,0.143133476377,-0.070953473449,0.413139998913,-0.182546928525,0.155055329204,-0.052068844438,-0.049270607531,-0.014478444122,-0.019953863695,-0.096410915256,-0.166815176606,-0.084689237177,0.389013200998,-0.115351863205,0.142650768161,-0.093064248562,-0.086748369038,0.208697050810,-0.018989674747,-0.223684236407,0.252980828285,0.164925813675,-0.033712975681,-0.237533345819,0.008063104935,-0.066366098821,-0.053793694824,-0.098844759166
0.248275950551,0.324765861034,-0.093766741455,-0.228741392493,0.151960447431,0.454859822989,-0.226339504123,-0.207422628999,-0.086433149874,-0.043170001358,-0.058176636696,0.001334540546,0.265664160252,-0.104125946760,-0.032348215580,-0.134587898850,-0.165778145194,0.028837205842,-0.082543082535,0.075439795852,-0.193220824003,0.009451215155,-0.025812083855,0.156628966331,0.275653868914,0.053373444825,-0.123466603458,-0.073991559446,-0.015060992911,0.220602437854,-0.063441790640,0.016745045781,0.639837622643,0.118099607527,-0.036647878587,-0.037673726678,0.106095664203,0.132740005851,0.242556735873,-0.179904967546,-0.046187210828,0.084075920284,0.102791257203,-0.203723818064,-0.101711802185,-0.387937992811,-0.015662863851,-0.215449184179,-0.032549120486,-0.126100152731,0.167130023241,-0.016903923824,0.107629284263,-0.272033393383,-0.097345106304,0.238857418299,0.092299580574,-0.243180111051,-0.045416865498,-0.065906882286,0.076874651015,-0.140157684684,0.097562052310,0.185700252652,0.093489758670,0.061069957912,-0.096524715424,-0.150468349457,0.311268210411,0.033690296113,0.021163465455,0.035741914064,-0.024322792888,-0.194981411099,-0.027302678674,-0.022188302130,0.159038454294,-0.002099200385,-0.218838974833,0.302126973867,-0.170017406344,0.096272632480,0.005267624278,-0.118844330311,0.040485031903,0.108917534351,-0.269220203161,0.016240479425,0.213691905141,0.352930814028,0.042841300368,0.143702253699,0.028111727908,-0.265836149454,0.188177704811,-0.077634766698,0.362113147974,0.066602863371,-0.017830261961,0.319291412830,0.116913743317,0.179270550609,-0.267701208591,0.279047608376,0.179342374206,0.123466908932,-0.131400093436,-0.252620011568,0.149754136801,0.048402987421,0.043006721884,-0.058103926480,-0.475367099047,-0.101442210376,0.118647329509,0.019624529406,-0.148970514536,-0.054643146694,-0.100240148604,0.158062621951,-0.206466078758,0.158704742789,0.066375352442,-0.298145383596,-0.136216551065,0.210759475827,0.058470699936,-0.117125377059
0.397564202547,0.202398985624,-0.047590773553,-0.217988431454,0.295508950949,-0.062441233546,-0.092915274203,-0.182223454118,-0.611572027206,0.010649849661,-0.221151888371,-0.041344657540,-0.065134570003,-0.125588849187,-0.620963931084,-0.267580747604,0.004170717672,0.198535725474,-0.338438332081,-0.147758781910,-0.428293913603,0.209395095706,0.293102681637,-0.053940325975,-0.181413874030,0.046677488834,-0.412827581167,0.063237041235,-0.178913921118,0.014937276952,-0.205910414457,-0.151642933488,0.053421944380,-0.035384442657,0.200010567904,-0.311976045370,-0.424104273319,-0.280639171600,0.000125773367,0.055168960243,-0.224736988544,0.624577581882,-0.062785513699,0.192151591182,-0.112178258598,-0.213585108519,-0.048076614738,0.090252012014,-0.004969363566,0.484975934029,-0.017821209505,0.182212963700,0.295403808355,-0.439777374268,0.144223436713,0.055435419083,0.198974817991,0.457342326641,0.097594924271,0.638451516628,0.016301760450,-0.049180187285,-0.124404199421,-0.092922151089,-0.332990050316,0.162342861295,0.020105758682,-0.589169263840,0.619976341724,0.160706341267,-0.571594178677,0.200575441122,0.009860142134,-0.102177686989,0.110499970615,-0.151298671961,-0.103430055082,0.460305482149,0.215874418616,-0.046592719853,-0.512199163437,0.183155357838,0.109035834670,-0.304914414883,0.081093430519,0.399353563786,0.101266436279,0.117257431149,-0.242768466473,0.230893597007,-0.270321846008,-0.053800027817,0.111546285450,-0.543597161770,-0.337828308344,-0.629189074039,0.471772670746,-0.124880872667,0.214377552271,-0.205438286066,0.160714074969,0.056632507592,-0.203584238887,-0.112508222461,-0.073299489915,-0.145050436258,-0.570095777512,0.237311050296,0.020225828514,-0.250710189342,-0.222495153546,-0.172983005643,0.040034603328,-0.383357256651,-0.024974441156,-0.042805582285,-0.203849732876,0.223980948329,-0.535776138306,-0.000125717561,-0.057198006660,-0.009862186387,-0.088505409658,0.316201210022,-0.201197594404,0.351331144571,-0.221691474319,-0.044915661216
-0.298409342766,0.163076564670,-0.112306647003,-0.193665668368,0.069557540119,0.099784582853,0.004899662454,0.037111103535,0.011045005172,-0.273860901594,-0.053477533162,0.072716929018,0.100993990898,-0.019484575838,-0.033050086349,0.033132933080,0.074860572815,0.458954364061,-0.095372259617,-0.045653212816,0.052868813276,-0.043537005782,-0.034101933241,0.098069369793,0.194937780499,0.084523327649,0.029954962432,0.032357625663,0.122676752508,2.152052879333,-0.361580938101,0.077206559479,-0.359362155199,0.001858745702,0.080464340746,0.048532620072,-0.016682729125,0.113352842629,-0.022219873965,-0.156837493181,-0.223428636789,-0.097359538078,0.051205284894,0.031243573874,0.278845459223,-0.357808321714,-0.280375391245,-0.026245187968,0.060259182006,-0.169754594564,0.068206235766,-0.073737308383,0.043090458959,-0.072708547115,-0.043474964797,-0.317792117596,0.081005111337,-0.000480928196,-0.010546041653,-0.053385999054,0.164996340871,0.046884771436,-0.031315360218,-0.225523769855,-0.002185758436,0.099094592035,-0.016358146444,-0.029828824103,-0.337228596210,0.129707947373,0.020299714059,-0.071169875562,0.111907616258,-0.163215547800,0.009759766981,-0.010856364854,-1.083168148994,-0.021118279546,0.028586253524,-0.016685189679,0.315288007259,-0.018259059638,0.319183498621,-0.262729376554,0.087366551161,-0.030688326806,0.006357398350,0.009629202075,0.084752820432,0.014977130108,-0.315124064684,-0.112806424499,-0.022728865966,0.054963782430,0.030619684607,0.004127295688,-0.088931575418,-0.005216352176,0.085167318583,0.092598281801,-0.044418964535,0.025836266577,0.071441560984,0.007722255308,0.018955102190,-0.045353822410,-0.011356817558,0.049377106130,-0.002007254167,0.108919866383,0.041385471821,0.023243257776,-0.488925367594,-0.032764796168,-0.205681562424,-0.042423725128,-0.002182939555,0.170463189483,0.137501642108,-0.039382454008,-0.055195406079,0.222122982144,-0.134470045567,-0.145662739873,0.042670015246,0.074904315174,0.047337934375,-0.004991086666
0.113226227462,-0.236212611198,0.050884217024,-0.670473456383,-0.029728924856,0.051605928689,-0.411752671003,0.086068339646,-0.519173204899,0.050815735012,-0.057536136359,0.019021499902,0.304678916931,0.013031587005,0.106249570847,0.342412978411,-0.132605671883,-0.137707427144,-0.161988943815,0.096971884370,0.250010997057,0.146216362715,-0.756097674370,-0.083348996937,0.098715372384,0.260911226273,-0.319149792194,-0.063653998077,-0.189293056726,0.054356619716,-0.152160495520,-0.143657654524,-0.080858565867,-0.576947271824,-0.111266449094,-0.772368669510,-0.052208110690,0.905077397823,-0.025885742158,-0.281484782696,-0.026024071500,-0.125684171915,-2.472448587418,-0.044104840606,-0.119062609971,-0.802488744259,-0.000960202364,-0.126148656011,-0.533809483051,0.343985378742,-0.668981313705,-0.129298865795,0.036010019481,-0.179986670613,0.637686967850,-0.011462768540,-0.166385710239,0.419122934341,-0.022851414979,-2.896587610245,-0.106553092599,-0.277092784643,-0.191510140896,0.085633859038,0.170442521572,0.278546720743,0.185400158167,0.080167926848,0.226639524102,0.155441328883,0.080096833408,-0.185063943267,-0.006739323959,-0.128971442580,-0.137796670198,0.135259866714,-0.038242217153,-0.237588360906,-0.194962441921,0.165879905224,0.242050871253,-0.051070857793,0.142938926816,0.121272571385,-0.370312631130,-0.105566397309,0.062091868371,0.160440266132,-0.210125222802,0.043905034661,0.045868590474,0.022172052413,-0.302714616060,-0.323375165462,-0.634920716286,0.069580353796,0.136082321405,0.333356052637,0.211392030120,-0.609411180019,0.108380980790,-0.101846858859,0.019233150408,0.193755134940,-0.471451252699,0.113158300519,-0.562855541706,-0.087667949498,0.304427772760,-0.278454989195,0.082984365523,0.013240260072,0.309850096703,0.046960163862,0.150219947100,0.034096434712,0.060084585100,-0.336801707745,-0.402200788260,-0.055224753916,0.083575524390,0.353764861822,-0.025612147525,0.172783240676,-0.024430051446,0.173267364502,0.623587727547,0.244292512536
0.082837663591,0.067527472973,0.019977694377,-0.080378957093,0.052754715085,0.143552809954,0.189452633262,-0.153446078300,0.211247190833,-0.256072252989,-0.237902402878,-0.084200069308,0.050409987569,-0.056859459728,0.123424544930,0.087248168886,-0.670747160912,0.225470334291,0.038894865662,0.067293837667,0.054410036653,-0.070724099874,0.107136130333,-0.382027357817,-0.159300029278,0.126097381115,0.048721194267,0.016465170309,0.012355222367,0.037766229361,0.111977711320,-0.047592245042,-0.152297839522,0.333994686604,-0.105339698493,0.340864628553,0.043183729053,-0.183183178306,0.024049744010,0.239020198584,0.073728777468,0.351697534323,-0.112327650189,-0.022876460105,-0.109440088272,0.158225730062,-0.007669019513,0.004725661129,-0.238084584475,-0.101906135678,0.032152846456,0.129824772477,0.407917320728,0.088742226362,-0.199630647898,-0.328128665686,0.151026844978,0.099915929139,-0.012231770903,0.232843965292,0.139372661710,0.067737765610,0.146987617016,0.068387508392,-0.208116620779,-0.114575184882,0.252573549747,0.041883952916,0.031715992838,-0.115567244589,0.006959391758,0.247559323907,-0.021736489609,-0.109089441597,0.119357042015,-0.033287134022,-0.007977123372,0.321429640055,0.198247566819,-0.318665951490,0.112799338996,0.033750601113,-0.080791465938,0.140635848045,0.104146562517,0.116823993623,0.077316924930,-0.115674868226,0.015630563721,0.130136534572,-0.097008131444,-0.198092818260,0.029670059681,-0.074415683746,-0.112942308187,0.086210884154,-0.042391434312,-0.003259043908,0.103063292801,0.135618939996,0.040673572570,-0.127108708024,0.136401802301,0.236120298505,0.131260246038,0.200046509504,-0.293411225080,0.060918603092,-0.226459398866,-0.009222150780,-0.180130526423,0.082290217280,-0.017014898360,-0.083195149899,0.140762999654,0.199531167746,-0.038664452732,-0.173414215446,-0.222577169538,0.171818926930,-0.198362395167,-0.334858596325,0.095817670226,0.248088151217,-0.212543815374,-0.207562461495,-0.223149850965,-0.103145703673
-0.043651737273,-0.094458557665,-0.297496825457,0.103402554989,0.047911554575,0.048915818334,-0.018342414871,-0.148852556944,0.343937188387,0.272085398436,-0.231900960207,0.520543515682,-0.000968799461,0.601309597492,0.067829221487,-0.275748431683,-0.491689920425,-0.066571429372,0.018068339676,-0.101337961853,-0.007976558991,0.056603480130,-0.128372326493,0.087442763150,0.289315253496,0.008431114256,-0.035394813865,-0.078369669616,-0.015962442383,0.038448542356,0.038754612207,0.035303823650,0.451640605927,-0.045196384192,-0.061452001333,-0.148719713092,-0.114525601268,0.558873176575,0.343698471785,0.401430010796,0.387033611536,0.045902960002,-0.110300697386,0.199429839849,-0.252487540245,-0.680080115795,0.029712166637,0.524669170380,0.049109246582,0.424119114876,0.200500041246,-0.109177127481,-0.386385768652,0.101181149483,-0.037642911077,0.282316356897,-0.273407727480,0.255796104670,-0.035031419247,0.035894542933,-0.096655562520,0.223258897662,0.121381744742,-0.230447709560,0.229716271162,0.038068391383,-0.122514821589,0.062326822430,-0.388479590416,-0.059404712170,0.100075416267,0.021897129714,-0.018421070650,0.063618019223,0.069248296320,0.104965880513,0.117346160114,-0.054538808763,0.649473071098,-0.004943059292,-0.388859450817,0.009305920452,-0.094840101898,-0.193341001868,-0.279857337475,0.205435886979,-0.165984824300,0.012665688992,-0.032979674637,-0.123326197267,-0.039657287300,-0.319556146860,-0.026730556041,-0.153464242816,-0.036125723273,-0.180833578110,0.006425425876,0.142781868577,-0.146861255169,0.056515127420,-0.153684303164,0.018966527656,0.077001720667,-0.127386644483,-0.014221055433,-0.319085687399,0.200200214982,-0.297689646482,0.000101518599,-0.048644490540,0.052531264722,-0.197175309062,-0.190787911415,-1.341103553772,-0.380345314741,-0.009253158234,0.007975692861,-0.018891626969,0.071468815207,0.107088349760,0.060923621058,0.290526717901,0.083248376846,0.033902250230,-0.280574470758,-0.037785135210,0.350908786058,0.069362446666
-0.310491204262,0.007320886478,0.197739705443,-0.013955738395,-0.004304252565,-0.219028756022,0.134580925107,0.217416599393,0.147168204188,0.095606453717,-0.184298887849,-0.096409983933,-0.218373000622,0.017221067101,0.156748324633,0.161976993084,0.428609341383,0.018918117508,-0.062180943787,-0.011409140192,-0.299914628267,0.021385801956,0.156043022871,-0.286326915026,0.120954610407,0.098614931107,-0.125223591924,0.015512985177,-0.001034255256,-0.038902800530,0.017488695681,-0.142511263490,-0.368919640779,-0.012022304349,-0.022673524916,-0.536242425442,0.146168783307,-0.208457916975,-0.053437244147,0.095276497304,-0.003707972821,0.095039360225,0.354675829411,-0.238138169050,-0.085263498127,-0.237087503076,-0.048762641847,0.066068135202,0.072175234556,0.168429881334,0.266446650028,-0.163155749440,0.116301186383,0.217971310019,-0.192901685834,0.208873718977,-0.066876009107,0.153203725815,0.036928959191,-0.336194515228,0.007600130048,-0.154692217708,-0.040507372469,0.109276831150,0.184371829033,0.081727005541,-0.236587479711,-0.195248395205,0.470683306456,0.163269743323,-0.021500362083,-0.050979167223,0.030772961676,-0.202497854829,0.012111978605,0.167685702443,0.000548630080,0.065856106579,0.020503541455,0.031601469964,-0.155727967620,0.048418775201,-0.013638616540,0.216173470020,-0.280057221651,-0.014991994947,-0.111066684127,-0.226251840591,-0.137975618243,-0.365199118853,-0.177210107446,0.174652203918,0.225470915437,0.190608263016,0.045938305557,-0.006851924583,0.099364407361,-0.092037759721,0.011978765018,0.416588604450,0.399466991425,-0.145785182714,-0.241404935718,-0.132522210479,0.195790082216,-0.273771673441,-0.187021285295,0.196758836508,0.013110960834,-0.119320884347,-0.156478315592,0.014795244671,0.207339450717,-0.080577529967,-0.225965365767,-0.104577951133,0.001122313901,-0.448011368513,-0.098681181669,-0.101257905364,0.253180354834,0.059576082975,-0.371149688959,0.196039006114,-0.202576428652,-0.174173668027,0.086615040898,-0.338570207357
-0.538706779480,-0.186324939132,-0.163088068366,0.281557977200,0.259041547775,0.370005309582,-0.195716947317,0.078715369105,-0.107499316335,0.505507588387,-0.037360347807,-0.315156847239,0.049563251436,-0.092912852764,-0.151657432318,-10.394364356995,-0.161699742079,-0.269108176231,-0.384478121996,-0.123377963901,0.579626679420,0.015146711841,-0.020318340510,-0.718835115433,0.218718320131,-0.105321943760,-0.314814597368,0.095408014953,-0.087738566101,-0.160336971283,0.024841208011,0.028263304383,-0.326612114906,0.491788774729,0.094396345317,0.070248447359,0.026914704591,-0.257071584463,0.058302819729,0.083761326969,-0.234861612320,0.094027891755,-0.539181113243,0.147133767605,0.051573257893,-0.167721524835,0.020275531337,-0.175344645977,-0.126409769058,0.023764049634,-0.279967308044,0.178634658456,0.047749623656,-0.079488471150,0.231103748083,-0.331869333982,0.003947901540,-0.077184088528,-0.191266357899,0.150703087449,0.116500422359,0.101292140782,0.094418749213,0.076559007168,-0.102070085704,0.077728509903,-0.276618510485,0.066385015845,-0.043360665441,0.036476884037,0.235041931272,0.134570151567,0.096397310495,0.112462259829,-0.016332484782,-0.422960072756,-0.387449622154,-0.235870152712,0.105962164700,-0.243146762252,0.182674273849,-0.076260000467,-0.083854377270,-0.381459176540,0.524639844894,0.086224861443,0.108746781945,-0.265654742718,0.126955553889,0.131157517433,0.236737489700,-0.273179739714,-0.006915217731,-0.041185148060,-0.013494863175,0.003972913139,-0.031163897365,0.303759813309,0.305576354265,-0.270646125078,-0.168008834124,0.278506278992,0.035392742604,0.116844028234,-0.283197432756,-0.028404848650,-0.031406771392,0.517404079437,0.074537999928,-0.039330743253,-0.039278235286,0.142298862338,0.026854624972,0.063196845353,-0.083803735673,-0.121266156435,0.028860123828,0.095283925533,0.274069547653,0.183939859271,-0.053376004100,-0.021878156811,-0.137266680598,0.330289185047,-0.005213252269,-0.175001814961,-0.142232224345,-0.068723812699
-0.067989118397,0.066222839057,0.323240935802,-0.299612581730,0.209329321980,-0.392656296492,-0.080467075109,0.182771742344,-0.374352574348,0.039392113686,-0.148662611842,0.315001666546,-0.017779923975,-0.019615244120,-0.286756813526,0.141247212887,-0.148684337735,0.009357482195,-0.208293303847,0.165390625596,-0.292480140924,0.130696818233,-0.784591019154,-0.090603299439,0.180699214339,0.146455198526,-0.828673183918,0.011426037177,-0.160361349583,0.073178917170,-0.120058298111,0.061229165643,-0.394923269749,-0.103122353554,-0.028732581064,-0.127148270607,-0.023204606026,0.096085645258,-0.028356557712,-0.381268858910,0.024177348241,-0.159203305840,0.059981420636,-0.125197291374,-0.016352908686,-0.176680207253,0.015487951227,0.005468831398,-0.004860981368,0.365593135357,0.011822155677,0.085016116500,0.165943458676,-0.278293222189,0.107080727816,0.256447970867,-0.029128706083,-0.031746707857,0.002864106325,1.193442344666,0.126266285777,0.087040565908,-0.040614925325,0.535509288311,0.186279341578,0.086033836007,0.148051634431,0.043930791318,0.087892547250,0.017141165212,-0.022112101316,0.432521611452,0.023352343589,-0.293950319290,-0.010978260078,0.040236834437,-0.232850074768,-0.009826704860,-0.267077177763,0.300539225340,0.021186955273,0.013722812757,-0.010677505285,-0.170939102769,-0.029207818210,-0.059081699699,-0.006693209987,-0.189181119204,-0.025281326845,0.071379691362,0.036442376673,-0.369841814041,-0.032985385507,-0.055021185428,-0.068977318704,0.022727696225,0.009745299816,-0.265411734581,0.003670929698,-0.148860022426,-0.065099269152,-0.098912879825,-0.207171589136,-0.072603933513,-0.117105409503,0.061159577221,-0.238218426704,0.066546477377,0.116524837911,0.226045653224,0.104133449495,0.145610749722,0.058235574514,-0.327017635107,0.021654028445,-0.055971916765,-0.116808362305,-0.140523493290,0.107256405056,-0.100592054427,-0.031457621604,-0.166834220290,0.077073544264,0.466719418764,-0.262302845716,-0.215597510338,0.524775087833,-0.096085108817
-0.206726402044,-0.010354075581,0.045830998570,0.311097770929,-0.026147177443,-0.106405444443,0.006644505542,0.079968482256,0.060405127704,-0.397166222334,-0.060594458133,0.101842023432,-0.014344931580,-0.032971404493,0.122521549463,-0.071323528886,-0.098117575049,0.122086174786,0.133123457432,-0.158712044358,0.023246604949,0.069604352117,-0.043152838945,-0.001949365949,0.117437429726,0.188195869327,-0.038525763899,-0.008118444122,-0.100956007838,0.143385663629,0.075302198529,0.052083723247,0.316611975431,-0.261282205582,0.138384595513,0.095997244120,-0.000342036481,0.119631752372,-0.016024637967,0.251358956099,0.089605741203,0.004422322381,0.079076536000,-0.035265721381,0.267542093992,0.186336010695,0.110188014805,0.271229118109,-0.203558683395,-0.041967533529,-0.032583940774,0.055186152458,-0.007390743587,0.111266970634,0.016487954184,0.091754071414,0.318953335285,0.354669481516,0.002724651247,0.015378227457,-0.060816761106,-0.014211765490,0.005977182183,0.457445412874,0.079840727150,1.032352328300,-0.215490818024,0.055521231145,-0.076972708106,-0.006517960224,-0.179548144341,-0.037670299411,-0.072991847992,0.077784158289,0.106340877712,-0.040504805744,0.193821445107,-0.063922367990,0.174094974995,0.034350056201,-0.188453376293,0.127772241831,0.238444074988,0.052020035684,-0.072273276746,0.025337830186,0.115611232817,0.228933662176,0.028311617672,0.160035431385,0.100779339671,0.057955600321,0.144175171852,-0.104623168707,-0.023513408378,0.032014049590,0.176717743278,-0.015235609375,-0.084191530943,-0.085049778223,0.114649698138,0.014780336060,-0.074742630124,0.005504222121,0.035190597177,0.096687614918,0.148878097534,0.044894456863,0.072976768017,0.180811285973,-0.063818059862,-0.010860386305,-0.200353413820,0.055348299444,0.103207655251,-0.126199737191,-0.133734419942,0.099221840501,-0.082397535443,-0.047111574560,0.035462386906,0.194095805287,0.072023116052,0.007779883221,-0.013056749478,-0.114038445055,0.066395901144,0.038734495640
-0.116750575602,0.005182229914,-0.001430459088,0.193626791239,-0.024796886370,-0.043761186302,0.266347140074,-0.104124903679,0.066556014121,0.079782091081,0.127237156034,-0.053610496223,-0.031596064568,-0.108378484845,-0.055025607347,-0.139084219933,-0.001080053509,-0.274565577507,0.036340758204,-0.157644435763,0.006379577331,-0.052932400256,0.079408310354,0.054556909949,-0.136058241129,-0.125289410353,-0.371787667274,-0.007556399796,0.084813877940,0.029246635735,0.094396211207,0.032359518111,0.172040387988,0.302967190742,0.041715022177,0.025455949828,0.268243581057,0.196652188897,-0.119460038841,-0.122147955000,-0.189807757735,-0.009081507102,0.134299799800,0.065705873072,0.061156045645,0.124093204737,0.087823763490,0.296518087387,0.286898374557,-0.028092261404,-0.110957339406,0.157823875546,-0.006008192431,0.010891241021,-0.128195121884,0.261623322964,0.311940997839,-0.010568628088,0.052896589041,-0.085208356380,-0.043740335852,0.220396950841,0.065006427467,0.110000193119,0.094590656459,-0.046462185681,-0.049213204533,-0.107193849981,-0.000109836110,-0.126609995961,-0.127156183124,0.131971374154,0.016570352018,0.111790202558,-0.078528493643,-0.018296429887,-0.021003229544,0.294248163700,-0.116003245115,-0.006184502970,-0.187984541059,-0.026860035956,-0.056409936398,0.214399084449,-0.030407710001,0.122775599360,-0.198527976871,-0.031433515251,-0.048513449728,0.025372434407,0.522960543633,0.212051466107,-0.052690662444,-0.029239561409,0.170913293958,-0.177613064647,0.055007103831,-0.141758605838,-0.159756660461,-0.103432133794,-0.000764993776,0.155850827694,-0.009992228821,0.102042682469,-0.081512413919,-0.301091372967,-0.008472412825,0.133124887943,0.186088994145,0.063429214060,-0.186478719115,-0.065709337592,0.238341942430,-0.018624292687,-0.260704994202,-0.024868134409,0.099533163011,0.033820524812,-0.016933534294,-0.077538885176,0.222785472870,-0.050981964916,-0.194511726499,-0.178871795535,-0.022522069514,-0.015503488481,-0.233096703887,-0.168290123343
0.387987047434,0.354133218527,-0.179227888584,0.268395006657,0.193149209023,0.228303238750,-0.025919971988,-0.147918805480,-0.348760664463,0.018040513620,0.831818521023,0.114075683057,0.232629075646,-0.070569418371,0.063036322594,0.044972669333,0.162580788136,-0.366304337978,0.290269613266,-0.034592535347,0.055686872452,0.214141875505,0.043337758631,0.266083270311,-0.311867982149,0.042833030224,0.262844890356,0.245742246509,-0.099715821445,-0.210339039564,-0.229619503021,-0.091390006244,-0.096037909389,-0.180091336370,-0.025752114132,-0.062012095004,0.149811252952,-0.592663288116,0.226315453649,-0.077473044395,0.189089581370,0.051308054477,0.214837342501,-0.109121918678,0.128144398332,-0.108370035887,-0.053460042924,-0.225081264973,-0.308943212032,-0.010697284713,0.064135074615,-0.164772570133,-0.073418751359,0.040233712643,-0.272698253393,-0.298589676619,0.104286931455,-0.235433697701,0.263739228249,-0.226492315531,0.262451946735,-0.114968992770,0.033847458661,0.451054602861,-0.050099927932,0.121934376657,0.160194531083,0.015021013096,-0.129442527890,0.068032614887,0.395574986935,-0.214038580656,0.043730013072,0.026074133813,0.026180867106,-0.040809717029,-0.294173628092,0.376607358456,-0.083530724049,-0.521244704723,0.432235568762,-0.082355372608,-0.136264085770,0.467078566551,0.120169445872,0.188351333141,0.240444555879,-0.419407874346,0.150377601385,-0.049055840820,0.241909101605,-0.084573104978,-0.275614231825,0.320932656527,0.098838619888,-0.094064347446,-0.139139115810,-0.160554632545,0.587973892689,-0.110188834369,0.134226605296,0.011266037822,-0.106388591230,0.259938985109,0.037344343960,-0.160950049758,0.006448851433,-0.195521563292,-0.167044833302,-0.039727065712,0.109127432108,0.084011711180,-0.099496662617,-0.252570182085,0.387805998325,-0.573985993862,-0.015841666609,-0.257487654686,0.223697051406,0.040289424360,0.152457520366,-0.188067764044,-0.018092209473,0.057350460440,-0.131092950702,0.275742143393,-0.144707918167,-0.018568411469
0.028142021969,-0.054227825254,0.100986599922,-0.156763941050,-0.005359495990,-0.103694245219,0.023421896622,0.007200842258,0.012380545028,0.062608018517,0.010448361747,0.007502553053,0.049664679915,-0.019750665873,0.024299429730,-0.016657596454,0.038450133055,-0.108143948019,-0.141907632351,0.147322103381,0.008743697777,-0.047075647861,-0.027499882504,-0.072194270790,-0.089299902320,-0.050781112164,0.005898365285,2.589785575867,0.041460938752,-0.038654897362,0.170112088323,-0.033081676811,0.009085241705,0.017266701907,-0.174503490329,-0.023347945884,0.020426526666,-0.015287307091,-0.002146908548,-0.063939236104,-0.036600768566,0.002186673926,-0.036457020789,-0.043934110552,-0.022036401555,0.012572167441,-0.690905749798,0.033621039242,-0.017295544967,0.028501294553,-0.035410210490,-0.031153710559,0.008848382160,-0.044961314648,0.034011546522,-0.158915892243,-0.068371139467,0.045256283134,0.497295796871,-0.003028832376,0.440481483936,-0.049449514598,0.057437404990,-0.265716910362,-0.016006553546,-0.152884483337,-0.013013760559,-0.018265526742,-0.027744248509,0.070917852223,0.141133934259,-0.069842927158,0.016625374556,-0.005742028356,0.017102994025,0.008679982275,-0.132644131780,-0.046896722168,0.015534414910,-0.227390691638,-0.008165938780,-0.003347627819,0.139471322298,-0.070534110069,0.021633327007,0.061716932803,-0.013996919617,0.000536348496,-0.008456112817,0.028828183189,0.026923039928,0.176992550492,-0.045705571771,-0.006798373535,-0.007220588159,0.014046133496,0.074899882078,-0.007705872878,-0.006828511134,-0.020939143375,0.056424316019,0.030930522829,0.052130088210,0.008303878829,0.055210053921,-0.007982792333,-0.017211699858,-0.000180755931,-0.089878909290,0.070734038949,-0.050474263728,0.076453998685,-0.013828986324,0.035734511912,0.101915493608,0.072978012264,0.096670389175,0.007205359638,-0.049661390483,-0.026118170470,0.044451016933,-0.196408018470,-0.041698161513,0.184615269303,-0.033196762204,-0.031383093446,0.068486437201,0.029928363860
-0.086782775819,-0.080380901694,0.090841382742,-0.092323228717,0.080721475184,0.441569387913,0.467844396830,0.187341555953,-0.017002526671,0.072634100914,-0.143571183085,0.079599015415,0.276680111885,-0.024668807164,0.015070842579,0.423824548721,-0.001117940643,0.032468803227,-0.104509346187,0.030035303906,0.003929577302,0.002143207239,0.026976738125,-0.065655909479,-0.117010802031,-0.112694777548,-0.039563246071,0.050975501537,0.013842308894,-0.061462227255,-0.052041653544,0.054607994854,-0.354265719652,0.097402602434,-0.027131041512,-0.005071412306,-0.068530246615,0.167832896113,-0.004818541463,-0.394056230783,0.091334775090,-0.027578558773,0.204919368029,0.205905660987,-0.186364084482,0.070928424597,0.017706355080,-0.084304973483,0.015556455590,-0.106014110148,-0.316491067410,0.260356456041,-0.030098948628,-0.041422329843,0.416964918375,-0.218147113919,0.051819398999,-0.002050642157,-0.015744559467,-0.118825562298,-0.021966267377,-0.041860390455,0.032316617668,-0.423179954290,0.038779269904,0.141155228019,-0.357565313578,0.100928604603,0.580735683441,0.151578038931,-0.086260505021,-0.204071044922,0.008371707983,0.018004192039,0.399882435799,-1.443173050880,0.015208970755,0.044503968209,0.132799535990,-0.001319371164,-0.318699330091,-0.017807029188,-0.318722993135,0.105326429009,-0.025295395404,0.130382165313,0.022578867152,0.116140462458,-0.048995476216,0.157541766763,0.456365495920,-0.264367550611,0.039626330137,0.020485108718,-1.221202373505,0.185067281127,-0.026872431859,-0.095747180283,0.108611471951,-0.458801805973,-0.021445848048,0.184550106525,-0.109826877713,0.932805836201,-1.112016201019,-0.207977324724,-0.102160625160,0.285070002079,0.028295850381,-0.038936387748,0.084873549640,0.207267373800,-0.182831406593,-0.046492289752,0.547455966473,-0.189633697271,-0.022276954725,-0.264173030853,0.029698474333,0.026174256578,0.696404099464,0.219888031483,-0.218249410391,-0.428545922041,0.160567656159,-0.058742154390,-0.014184328727,-0.020229978487
0.190617114305,-0.096825376153,0.248960673809,0.107261337340,-0.413333743811,0.088704459369,-0.157287150621,0.028371259570,0.432637363672,0.164616405964,-0.066347315907,0.234593480825,0.119352653623,0.357693940401,0.016115451232,-0.012214449234,-0.221699163318,-0.357639670372,0.359185755253,0.125534534454,0.079569116235,0.329809367657,-0.216945946217,0.186332195997,-0.212027892470,-0.136609017849,-0.067644119263,0.022740112618,0.045546662062,-0.061089772731,-0.082677692175,-0.037023738027,0.191263645887,-0.427677839994,-0.021296629682,-0.551886439323,-0.074977450073,-0.228468567133,0.477274566889,-0.090219169855,-0.213438749313,-0.259015530348,-0.088177353144,-0.169575721025,-0.146289661527,-0.254096239805,0.093241162598,0.268532663584,-0.405252307653,-0.327286869287,-0.255831360817,0.131580799818,0.095119431615,0.223028764129,0.013887451030,-0.253884583712,-0.238977596164,0.272279053926,0.001710035605,0.289121896029,0.028176981956,0.160135909915,-0.007989407517,-0.066633060575,-0.021005263552,0.092192500830,-0.309608489275,0.087211623788,0.425964921713,0.230202317238,-0.114045776427,0.045811340213,0.043484769762,-0.139873698354,-0.019635885954,-0.038410037756,-0.030711730942,0.045657828450,0.254048198462,0.208059027791,0.136070370674,0.017341699451,-0.037380956113,-0.139081001282,-0.121735416353,0.460871189833,0.496215760708,-0.331436216831,0.140014976263,-0.130231484771,0.346282094717,-0.415447235107,-0.165033191442,0.017719514668,0.332234829664,0.119372293353,-0.142017483711,-0.035422734916,-0.082833975554,-0.329474568367,0.056694943458,0.109533138573,0.076556183398,-0.054155550897,0.015698932111,0.136190325022,-0.062499217689,0.129220858216,0.080200113356,-0.273728340864,0.518033623695,0.151757195592,0.003771388438,-0.139643505216,-0.228370055556,-0.147466152906,-0.033248960972,0.140366822481,-0.212400913239,-0.046075817198,0.078607946634,0.329722195864,0.073052622378,0.326432645321,-0.241988897324,-0.309521943331,0.005823414773,-0.147749915719
-0.045243136585,-0.360942661762,0.209930345416,0.040253356099,-0.218816950917,-0.247576087713,0.172355949879,-0.088770322502,0.152267664671,0.125932797790,0.204994022846,0.242167800665,-0.280573248863,0.233972102404,-0.088667422533,-0.026380918920,-0.024509144947,-0.051098674536,0.034308757633,-0.054096907377,0.090314731002,-0.169294998050,0.137499615550,-0.061083283275,0.286007612944,0.227626979351,0.076584443450,-0.083184458315,-0.075793273747,0.130486786366,0.015561942011,-0.053421244025,-0.191144853830,-0.043792616576,0.029619397596,0.234001651406,0.927886605263,-0.062490418553,-0.302838563919,0.155098110437,0.204651564360,0.070099696517,0.073011897504,0.160661682487,-0.086783505976,-0.432388752699,-0.003777360078,0.347814053297,0.199221313000,0.072594076395,0.246540695429,0.068526335061,0.036481086165,0.249848529696,0.016183622181,-0.108297191560,-0.097773976624,0.381849735975,0.050308335572,0.064847983420,-0.131215929985,0.542346894741,0.042042162269,-0.210589542985,-0.003514880547,-0.003989743534,-0.160552784801,-0.005919223186,-0.524349033833,0.060902196914,0.340013325214,-0.129524230957,-0.018392927945,0.086388699710,-0.193018838763,-0.128419101238,-0.085076279938,-0.020979382098,0.353495478630,-0.069552890956,-0.310263544321,0.042804315686,-0.031752962619,-0.025069210678,-0.053016923368,-0.328696101904,0.063907288015,0.223368749022,-0.051418412477,-0.487538158894,0.394522517920,-0.400385051966,0.273752242327,0.047524277121,-0.133335724473,0.308229804039,0.107738226652,0.014767127112,0.113834843040,0.125493228436,-0.166589066386,-0.007686701603,0.035256624222,-0.117427833378,-0.100716978312,0.021906305104,0.097034096718,0.091990359128,0.144975319505,0.073251247406,0.047817174345,0.186146780849,-0.203815966845,-0.175932899117,-0.516175448895,0.092885605991,0.027986004949,0.025514865294,0.072142407298,-0.026461036876,0.065849706531,0.216572180390,-0.088258638978,0.171433404088,0.313469737768,-0.059758227319,0.328688234091,0.107933878899
-0.091609857976,0.368954420090,-0.261103510857,-0.430834114552,-0.157431587577,0.164638325572,-0.226802304387,-0.155637681484,0.347465187311,0.114422738552,-0.306614816189,0.197209537029,-0.348902165890,0.148302331567,-0.063454888761,1.096729755402,-0.137417778373,-0.390155047178,0.089793153107,0.016283402219,0.537388741970,-0.614544391632,0.062457565218,-0.624744713306,0.268941074610,-0.642143666744,-0.281523972750,0.067962773144,0.057355023921,0.008019598201,0.033672120422,0.102396920323,0.020580429584,0.817413568497,0.090493232012,0.277841567993,0.125398382545,-0.307795315981,0.064899429679,0.051660548896,-0.376474708319,-0.116904743016,0.009340221994,-0.376515626907,-0.025269659236,-0.397141844034,-0.075010232627,0.086297288537,-0.298864245415,-0.279431313276,-0.312388509512,0.163521796465,0.717120587826,-0.162428289652,0.014909775928,-0.153378769755,0.216752186418,-0.379194021225,-0.037779930979,0.242003217340,0.142599359155,0.174921318889,-0.248509451747,0.384596407413,0.289333999157,0.189717784524,0.431817710400,0.228541433811,-0.599256098270,-0.076869972050,0.561138033867,0.311524719000,0.018736686558,-0.366652637720,0.282296836376,-0.015742469579,-0.117245279253,-0.141855001450,-0.359615921974,-0.222295716405,-0.014433144592,-0.095847263932,-0.038306571543,-0.210469275713,0.336629688740,0.343844741583,0.002473944100,0.592540442944,0.044632185251,0.342502653599,0.081111617386,-0.364496141672,0.153127595782,-0.293403416872,0.182253256440,0.258067488670,0.010461443104,-0.065749526024,0.527205169201,0.165991127491,0.921043395996,0.005110639147,-0.232356756926,-0.349691480398,-0.207129850984,0.121680125594,-0.698907375336,-0.199325591326,-0.124885894358,-0.690923213959,0.052438419312,0.186031699181,-0.005376733374,0.386151909828,0.122094139457,-0.163789823651,-0.009025899693,0.310857057571,0.169609248638,0.059858329594,-0.221064507961,-0.190965011716,0.208368986845,0.459776550531,-0.017110669985,0.040260605514,-0.085194908082,-0.227302566171
-0.299163013697,-0.133654445410,-0.394607275724,-0.204568564892,-0.449948370457,0.005309589673,-0.016974657774,-0.156218007207,-0.526303529739,-0.154132232070,0.220119938254,-0.052561696619,-0.399596124887,0.164501681924,0.263578563929,-0.902301013470,-0.190066128969,0.275547057390,0.089162193239,-0.155232757330,-0.109155766666,0.490661263466,0.747091948986,0.048994943500,-0.187443941832,0.067609481514,-0.707981646061,-0.173138350248,0.121913217008,0.114065416157,0.153640985489,0.071836084127,-0.022786408663,0.105891138315,0.003302812809,-0.522049009800,-0.414439707994,0.081841453910,0.522345960140,0.207965031266,-0.055268350989,-0.136565744877,-0.025951819494,-0.530941963196,-0.117034673691,-0.356197446585,0.108983583748,0.189805820584,-0.223559245467,0.104398854077,-0.119148805737,-0.190970808268,-0.246230483055,-0.094003714621,0.100208096206,0.052125293761,0.232574805617,-0.148684263229,-0.046770211309,0.087270975113,-0.092076584697,-0.942278742790,0.150562286377,0.056246440858,0.262346088886,-0.119443133473,0.027432721108,0.191853180528,0.032201852649,0.193218693137,-0.314088761806,-0.377233624458,-0.048116777092,0.168978184462,-0.016171900555,0.109091661870,0.180536165833,-0.265301883221,0.061383377761,0.166025504470,-0.184974178672,0.060513149947,-0.257649421692,-0.223229095340,0.284914642572,0.033980388194,0.017894530669,-0.215157985687,0.158899635077,0.099468991160,-0.136357173324,0.390596359968,0.387258082628,-0.417829632759,-0.023655416444,0.004116846249,-0.437091797590,0.136689081788,0.125815227628,-0.095180734992,0.218852728605,0.014438102022,-0.474052637815,0.023423150182,-0.089647851884,0.392283022404,0.221180602908,-0.357366442680,0.107005633414,0.082064591348,0.148046001792,-0.210624784231,0.020445108414,-0.033133860677,0.165118262172,0.359080374241,0.162165805697,-0.199879586697,-1.449558377266,-0.131064057350,-0.092903703451,-0.266289144754,0.129896596074,0.399818867445,-0.185855105519,0.084357604384,0.248648256063,0.067424699664
-0.575456857681,-0.156593009830,0.729049086571,0.119710482657,-0.516880035400,0.246422991157,-0.151004463434,0.019010467455,-0.205625072122,0.626307606697,0.380653917789,0.132744938135,0.083564296365,0.371529877186,-0.077255450189,-0.665351450443,-0.383648067713,-0.250730723143,-0.154909417033,0.202408775687,0.226007670164,0.113473832607,0.034943092614,-0.240604922175,-0.284280270338,-0.051173616201,-0.857737600803,-0.055636521429,-0.342445969582,0.198535189033,-0.011584425345,-0.193885356188,-0.202494144440,0.076658733189,-0.027761688456,-0.142791211605,-0.334483832121,0.071840479970,-0.086091235280,-0.173436939716,-0.133162066340,0.669175803661,0.796430766582,0.024186991155,-0.411748886108,-0.858650565147,-0.060705319047,0.244388148189,0.028450207785,0.773843765259,-0.033135775477,-0.145176708698,0.628404915333,-0.410784065723,-0.183978557587,0.244502559304,-0.200506418943,-0.050998568535,0.067419663072,-0.234158262610,-0.054205644876,-0.242029532790,0.280530065298,0.296696156263,0.146709963679,0.147038221359,0.182853192091,-0.174228429794,0.015662021935,0.146061718464,0.257429361343,-0.034104797989,0.094345338643,0.216684862971,-0.106922246516,-0.181493088603,0.036910507828,0.114345885813,0.348519086838,0.038138799369,0.155314072967,-0.117778293788,-0.224892184138,0.385036528111,-0.030593533069,0.066098369658,-0.067147627473,-0.918511867523,0.189509004354,-0.250220060349,-0.205131083727,-0.082925267518,0.196785181761,0.119567096233,-0.100896812975,-0.062257282436,0.017554866150,-0.266776621342,-0.112178564072,0.288923054934,0.105521053076,-0.589060425758,0.068641811609,-0.086792983115,0.090212918818,-0.419245660305,-0.338521122932,-0.078456707299,-0.626589000225,0.162170618773,-0.255048930645,0.055435780436,-0.070003904402,-0.201634541154,-0.311585903168,0.044583614916,0.006691864226,0.565079331398,-0.424790024757,-0.441813588142,-0.016087064520,0.355516970158,0.247501581907,0.081552475691,-0.068747922778,-0.057198241353,-0.090844295919,-0.246412962675
0.144769638777,0.041422851384,0.001104005612,0.025888731703,0.003088925732,-0.207860231400,0.250330477953,-0.166494041681,0.011304398067,0.207777678967,0.138869225979,-0.103357762098,-0.069972582161,-0.112140513957,0.048044957221,0.020509364083,-0.285407215357,-0.017398633063,0.210012853146,-0.160882666707,0.007554948796,0.000750691339,0.020343957469,-0.039945036173,-0.083848841488,0.304962366819,-0.065899565816,-0.183520376682,-0.076053082943,0.141263738275,0.028801796958,-0.044572748244,0.085601426661,-0.221934437752,-0.130759835243,-0.202340304852,0.195395767689,0.146707385778,-0.090848326683,0.038266044110,-0.047525942326,0.032003782690,0.087736912072,-0.065883800387,0.019154876471,-0.000509640493,0.315725713968,0.133948862553,-0.128880262375,-0.123411878943,-0.176850423217,0.140906557441,-0.165813416243,0.108072243631,-0.007271023002,0.044923532754,0.084156252444,0.180273339152,-0.095925331116,0.094558432698,-0.493233352900,0.122971437871,-0.150560915470,-0.061764258891,0.040049005300,0.576589167118,0.009127078578,-0.123936004937,-0.113865561783,-0.152030140162,-0.109812669456,0.171043559909,-0.090574853122,0.108552284539,-0.046560686082,0.106675796211,0.026683257893,0.061442259699,-0.047536190599,0.470434635878,-0.111950404942,0.044740945101,0.406166791916,0.078296072781,-0.083110965788,0.056422196329,-0.090686291456,0.198943361640,-0.189509138465,-0.055984184146,0.027978153899,-0.043115943670,0.152798458934,-0.202488452196,-0.121761053801,-0.097952283919,0.166470006108,-0.128434121609,0.073850609362,-0.159505590796,0.201687321067,-0.089874148369,0.010437723249,-0.105519950390,-0.085134632885,0.108647905290,0.022557349876,0.087074868381,-0.072578713298,0.186426043510,-0.099196054041,0.119275413454,-0.167351737618,0.097288623452,0.101634360850,0.912125110626,-0.091918900609,-0.049009453505,0.014149709605,-0.006002350710,0.288303405046,0.159754633904,0.076214335859,-0.107143990695,0.054666031152,-0.110660552979,0.018430255353,0.021026918665
-0.241270616651,0.149206176400,-0.124000646174,0.213186815381,0.035401951522,-0.098607845604,0.144460037351,0.029333721846,0.199554041028,-0.216930687428,0.064112730324,-0.115015543997,-0.109754279256,-0.074966348708,0.095417469740,0.052214954048,0.049280114472,0.451429933310,-0.208084061742,-0.060931161046,-0.161894619465,0.112413555384,-0.049515150487,-0.098836801946,-0.405342042446,0.116968065500,-0.070574499667,-0.027058305219,0.033737458289,0.003426879179,0.052331864834,0.128019243479,0.346401602030,0.286605507135,-0.035669274628,-0.196924552321,-0.021185662597,-0.084728278220,-0.007436397485,0.179125875235,-0.138993784785,-0.076871700585,0.044043771923,-0.013484793715,-0.130113944411,-0.049964163452,0.058263245970,0.002004820853,0.163175210357,0.446253925562,-0.015648819506,0.072555854917,-0.077565610409,-0.004487654194,-0.212652742863,0.314208984375,-0.161262273788,-0.095433592796,0.001562743331,-0.086944960058,-0.038777042180,-0.118976466358,-0.018722111359,-0.035687662661,-0.027100954205,-0.113910593092,0.610292434692,-0.154984474182,0.083004303277,-0.095400817692,0.025055348873,0.060237385333,-0.011726010591,0.098792023957,-0.069735355675,0.078819841146,0.014887785539,-0.108276590705,0.093924418092,-0.015987133607,0.353126287460,0.013486847281,-0.161882475019,-0.236718207598,-0.012822682969,-0.105648301542,-0.173560529947,-0.144115060568,-0.069038391113,-0.119955547154,-0.220747962594,-0.029214885086,-0.050161566585,0.082086399198,0.178590938449,-0.153062433004,0.017975058407,-0.114173389971,-0.198993995786,0.275436341763,0.229121208191,-0.165868267417,0.120146982372,-0.329598933458,0.433600842953,-0.121315836906,0.042569600046,-0.297856450081,-0.174617394805,0.190499842167,0.129994794726,-0.185940533876,0.028136597946,-0.053045835346,-0.377419441938,0.072550632060,0.005634209607,0.017725303769,-0.074317663908,-0.014937001280,0.098805546761,0.143123954535,0.010360195301,-0.007155512460,-0.126589044929,-0.040695484728,0.161887139082,-0.045182518661
-0.109015166759,-0.270106315613,-0.099822752178,-0.045526977628,-0.114740237594,-0.024440221488,-0.731226205826,-0.029182083905,-0.073965892196,-0.454245120287,0.162963315845,0.184730291367,0.702772736549,-0.012149011716,-0.031435452402,-0.474422007799,-0.205372810364,0.030088309199,-0.209426313639,-0.053037583828,0.013825932518,-0.095550172031,0.072376050055,-0.286358088255,-0.025383006781,-0.486635595560,-0.211415469646,0.026829009876,0.044570621103,-0.014638354070,0.095751546323,-0.822040557861,0.388705372810,0.079762093723,-0.290817320347,-0.313292562962,-0.103019878268,-0.240660682321,-0.019723495468,0.007538989186,-0.105066321790,0.187623769045,0.082066319883,-0.065501086414,-0.138033583760,-0.011992617510,0.014408577234,0.092116281390,0.060731049627,0.187416821718,0.352643668652,-0.535086572170,-0.123878911138,-0.059574887156,0.009099854156,0.141572818160,0.054331604391,0.039724864066,-0.121142990887,0.108208984137,-0.053389634937,-0.251622289419,-0.036472246051,0.037848792970,0.070436343551,-0.041622590274,-0.200622200966,0.460603743792,0.153188571334,0.564107954502,0.141256183386,-0.114999704063,-0.021035298705,0.191111326218,0.262837320566,0.244100391865,-0.002362874104,-0.094221301377,0.307336896658,0.221975877881,-0.204255297780,0.058844514191,-0.351456135511,-0.107715912163,0.064049333334,0.150875151157,0.953377127647,-0.492870867252,0.011238500476,0.073743849993,0.289097905159,-0.181948721409,0.126653715968,0.129403188825,-0.526508271694,0.522202193737,-0.153895080090,-0.005578528624,0.254923403263,0.369863420725,-0.250017046928,0.145192369819,0.039255000651,-0.062771804631,-0.211889073253,-0.272709667683,0.196190178394,-0.190243527293,0.249511718750,0.265529602766,0.007640491240,0.029113175347,-0.429650425911,-0.217732205987,-0.331306457520,-0.250537902117,0.117268741131,-0.083416864276,0.164783671498,0.007810311392,-0.689732134342,0.345201134682,-0.226711690426,-0.149486154318,0.078489415348,-0.190587013960,0.380706250668,0.070060051978
0.387114554644,0.268694132566,-0.076700367033,-0.132504388690,0.084987848997,-0.126544222236,-0.063243255019,-0.106424652040,-0.254123508930,-0.171738639474,0.057679619640,-0.026594711468,-0.061431922019,-0.138010606170,-0.112570784986,-0.069328106940,0.273451507092,-0.010284600779,0.332630217075,0.198833569884,0.209342509508,-0.148971572518,0.002077895449,0.230582609773,-0.098234198987,0.238101586699,-0.392044007778,0.021188270301,-0.045440953225,0.024605268613,-0.040353495628,-0.027650941163,0.272077262402,0.027192976326,-0.015422583558,-0.027789728716,0.039055265486,0.052194353193,-0.101074166596,0.330090343952,-0.216126024723,0.133766666055,0.063659638166,-0.028409577906,-0.197021603584,-0.097580924630,0.042087353766,0.252516329288,0.004755781498,0.162452116609,0.092885836959,-0.139292672276,-0.028376277536,0.232825770974,-0.071166284382,0.205738961697,-0.257148861885,0.230762109160,-0.037480007857,0.162876322865,-0.066684454679,0.022698743269,-0.230503618717,0.072833627462,0.006795880850,0.171833783388,0.013906920329,0.061845619231,-0.194455519319,-0.281008422375,-0.217852964997,0.307174533606,0.002062066458,0.149835824966,0.056820072234,-0.063762463629,-0.217671364546,0.077836364508,0.045128788799,0.328931868076,-0.084039695561,-0.158355146646,0.338679134846,-0.058832250535,0.000503350282,-0.004612287506,0.176750808954,0.190492510796,-0.175673708320,0.068894721568,0.349827259779,0.193543404341,-0.089975744486,-0.031441848725,-0.177411019802,0.160349488258,-0.108937211335,0.181523740292,-0.152430966496,0.061240758747,0.135924175382,-0.168038204312,0.006866647862,-0.063699513674,0.055866338313,0.106565959752,-0.148890912533,-0.121026404202,-0.069642730057,0.195201173425,-0.158387362957,0.191056370735,0.366198390722,0.098596371710,0.208069831133,-0.254980951548,-0.118243262172,-0.073592849076,-0.059333648533,0.024483807385,-0.282877117395,0.228804245591,0.116576395929,-0.006968420465,-0.043370783329,0.022318689153,-0.046824764460,-0.079312197864
-0.068607099354,-0.105614386499,0.013967277482,-0.258056491613,-0.039387438446,-0.266028970480,0.174944132566,-0.174105301499,-0.135365650058,-0.069260716438,0.184979707003,-0.305645585060,-0.167811661959,-0.065330311656,0.100493870676,0.133477360010,0.162654593587,0.257451564074,0.248987793922,-0.032592024654,-0.073082327843,0.132858633995,0.090598821640,-0.071893647313,-0.396713197231,0.119875833392,-0.040271352977,-0.092584498227,-0.212527930737,0.241211310029,-0.060010146350,-0.155154064298,-0.068254530430,-0.340826213360,0.110800184309,-0.083231739700,0.103604920208,-0.160899773240,-0.608014941216,0.383208841085,-0.318193286657,0.185153126717,0.064000129700,0.048768658191,0.125201448798,-0.086721025407,0.075141221285,0.028753880411,-0.124099358916,0.426777720451,-0.216979712248,-0.093402191997,-0.142780393362,-0.042705532163,0.004763863049,-0.083566941321,0.156426861882,-0.019566282630,-0.112474642694,0.022214600816,-0.158283308148,0.912405908108,0.145880579948,0.141924530268,-0.613248109818,-0.048240814358,0.100826434791,0.048726119101,-0.122465230525,0.025874350220,-0.137591511011,-0.111635774374,-0.023010188714,-0.097890049219,-0.132981970906,0.006196598988,-0.081256158650,0.035940691829,0.292296856642,0.341351687908,-0.284051090479,-0.269083410501,0.205826044083,-0.207736641169,0.022087687626,-0.119312547147,0.013901846483,-0.006645885296,-0.353550046682,-0.309140622616,0.161745429039,-0.167614594102,0.303326547146,-0.144909858704,-0.288119614124,0.250066459179,-0.195693641901,-0.096817195415,-0.001213901094,-0.066826149821,0.266028761864,-0.157531991601,-0.191271170974,-0.067885212600,-0.212550163269,0.168748036027,0.262454658747,0.028045302257,-0.323779672384,-0.075113341212,-0.083311237395,0.102423630655,0.047573935241,0.514530181885,-0.228321388364,0.187864944339,0.021099248901,-0.326097428799,-0.021828386933,0.055089246482,0.045323226601,-0.233515083790,0.072206459939,0.191209480166,0.189948692918,0.110732376575,-0.079234927893,-0.037751350552
-0.017351517454,-0.016550345346,-0.201848521829,0.315652191639,0.345806926489,-0.098811820149,0.313658893108,0.111354604363,-0.076677381992,-0.096969082952,-0.138842731714,0.462494671345,-0.107754729688,0.056192658842,-0.050007160753,0.056887116283,-0.014738902450,0.114692628384,-0.176110237837,-0.068456202745,-0.187125146389,0.069974221289,-0.025009058416,-0.006467550527,-0.047699477524,0.184673324227,-0.015326931141,0.012377946638,-0.074819646776,0.283163905144,-0.040015224367,0.372438907623,-0.022779282182,-0.065093450248,0.122471496463,-0.327278226614,-0.397348701954,-0.541068911552,0.200805053115,-0.222081139684,-0.298793375492,-0.490184545517,-0.048076413572,0.067741483450,-0.098127543926,-0.154133006930,0.053331490606,0.035495799035,-0.076566196978,-0.076778225601,0.157101094723,1.007532954216,-0.043208464980,-0.432603746653,0.305021792650,0.369921684265,0.405402451754,-0.049134943634,0.105450257659,0.087559878826,-0.151755526662,-0.050097264349,-0.019730988890,-0.276676058769,-0.202877879143,-0.181150883436,-0.529729366302,0.549586296082,-0.019627794623,-0.265179276466,0.024793317541,0.040183480829,-0.026484191418,-0.006438686512,-0.196960523725,-0.632397770882,-0.090617336333,-0.088378086686,-0.101317279041,-0.133198842406,0.176150083542,0.109261035919,1.395025849342,-0.162194743752,-0.004023132846,-0.156310230494,-0.205248922110,0.505234181881,-0.154847756028,0.464664071798,0.492337703705,0.319108605385,-0.137249469757,0.045541826636,-0.201507747173,0.193554461002,0.180149570107,0.100415803492,-0.219617873430,-0.489638984203,-0.175929278135,0.038934186101,0.011629995890,0.367075055838,-0.308480769396,0.264592409134,0.267656803131,0.051250953227,0.226759865880,-0.030522963032,-0.244528532028,-0.187943235040,-0.411606788635,0.298139780760,0.016126699746,0.111382745206,0.064565047622,0.502599537373,-0.151453658938,0.113288573921,0.246751829982,-0.113252341747,0.629421770573,-0.071081355214,0.034967195243,0.065027438104,-0.386681109667,-0.053581997752
-0.271730303764,0.027975779027,0.030460795388,-0.482224017382,-0.143273100257,0.118989184499,-0.631052911282,-0.022389216349,-0.008036912419,0.475751310587,-0.021171323955,0.092099726200,-0.022151786834,0.079432129860,-0.017591033131,-0.102019533515,0.149528533220,0.321950823069,-0.019626094028,0.016627805308,0.206784263253,-0.049107667059,-0.023247312754,-0.164857685566,0.046221662313,0.076768442988,0.021824100986,-0.029466198757,-0.083777919412,0.067562572658,-0.021209729835,0.431932717562,-0.050268236548,-0.421235173941,-0.018087169155,0.054036688060,0.154541775584,-0.101518645883,-0.067983031273,-0.189543992281,0.413403093815,-0.128800749779,-0.002715670038,0.196920275688,-0.148161917925,0.250331729650,-0.040675852448,0.117051057518,-0.058127310127,-0.205308735371,-0.036424927413,-0.260823965073,-0.053853858262,0.060432564467,0.308933824301,-0.243273869157,-0.443423956633,-0.257578551769,0.032628424466,-0.008941125125,-0.119686916471,-0.113303907216,-0.014598183334,-0.021627614275,0.004613812547,0.048441514373,0.031923189759,0.319989651442,0.031124297529,0.250549674034,0.436646401882,-0.082229994237,-0.023105653003,0.055081002414,0.135368719697,-0.950315237045,-0.118108347058,-0.057463623583,0.017909577116,-0.373589217663,0.260264456272,0.008993981406,0.250122576952,0.052443634719,0.034043531865,-0.023969374597,0.350757092237,-0.074258811772,0.011238367297,0.162505611777,0.399558186531,-0.207570880651,0.141012519598,0.000107327010,0.233736395836,0.711498439312,-0.045739959925,0.195677712560,0.066548012197,0.251325577497,-0.087807528675,0.072727479041,0.009701245464,0.118046112359,0.078491829336,-0.267192423344,-0.017275001854,0.053663428873,-0.079971224070,-0.077718555927,0.178114026785,0.051995370537,-0.298827379942,-0.118037424982,-0.070057287812,0.287391066551,-0.021285932511,-0.081437036395,-0.217074945569,0.081187561154,-0.221247941256,0.045528110117,0.209177821875,0.121165156364,0.028197377920,-0.011045821011,-0.335454702377,-0.017260055989
-0.620053350925,0.037239264697,0.004396574572,0.660234332085,-0.078195199370,0.362829446793,-0.112825736403,0.019029840827,-0.251954585314,0.301162511110,0.370087057352,0.381675601006,0.849748551846,-0.027625955641,0.085108995438,0.063870102167,-0.136921167374,-0.091036453843,0.216811046004,-0.104548089206,0.176270246506,0.140849843621,0.072708047926,0.238403841853,-0.473546564579,-0.246669843793,0.006834478118,0.084297597408,0.081618070602,-0.032608095556,0.001016330672,-0.853887438774,-0.879286348820,-0.422763764858,0.003422061680,-1.384948015213,-0.130506858230,0.073069080710,-0.369359970093,0.303206533194,0.061599947512,0.360460370779,-0.287429302931,0.167611792684,-0.201771840453,-0.289339363575,-0.067928746343,0.187886372209,-0.161266461015,-0.159050002694,-0.039554640651,0.556583285332,-0.236097097397,0.055783480406,-0.815148472786,0.110785879195,0.493200212717,0.048138864338,0.094960838556,-0.001779781654,0.063887096941,-0.262916892767,0.181546226144,-0.545603275299,-0.226970106363,0.101541467011,-0.416219115257,0.009248380549,-0.067013941705,-0.008325197734,-0.622154712677,-0.510399162769,-0.017720296979,0.287400156260,0.587163805962,-0.926103472710,-0.040985640138,-0.133585348725,0.232173353434,0.056977085769,-0.891396224499,0.157934322953,-0.073530592024,0.243805229664,-0.121019981802,0.249953210354,-0.315654456615,0.103602133691,0.033060215414,0.001932631130,0.340537875891,-0.166748926044,-0.132190644741,0.075546413660,-0.137222245336,0.173243075609,-0.108564078808,0.304897248745,-0.277925163507,0.253642886877,-0.102461077273,0.233964815736,0.065501160920,1.324406623840,0.050726402551,0.381079882383,0.264424175024,0.323556721210,0.177448496222,-0.103092528880,-0.197863444686,0.094409272075,-0.119724534452,0.367038518190,1.020318865776,-0.461523979902,-0.009481394663,0.141302958131,0.118829615414,0.001389896264,0.631100356579,-0.092298723757,0.066223047674,-0.188116520643,-0.011595309712,-0.116974741220,-0.454393744469,0.133597895503
0.030358834192,-0.188042268157,0.067983239889,0.082123160362,-0.051402419806,-0.187834769487,-0.142749562860,0.171469226480,0.037831723690,0.141578942537,-0.090628109872,-0.265487730503,-0.070304669440,0.065547205508,0.159172803164,-0.000908298069,0.371278285980,-0.017596010119,0.171666592360,-0.198349818587,-0.132419049740,0.220957159996,0.200373157859,0.047076657414,-0.033321101218,0.080274507403,0.128712683916,0.028816116974,0.015370481648,-0.109518863261,-0.050492968410,0.148190394044,-0.057102285326,-0.135841876268,0.075658626854,-0.039818994701,-0.108833320439,0.229886025190,0.075382798910,0.243021085858,0.307136207819,-0.053039342165,0.120089389384,-0.001412636833,0.098402805626,-0.360592722893,-0.032791428268,0.096474289894,0.097111672163,0.020128548145,0.045058008283,-0.164848268032,0.210863232613,-0.225688248873,0.077421747148,0.414305299520,-0.220026865602,-0.208252862096,0.079639822245,-0.184653982520,-0.039485186338,0.195241063833,0.017017105594,0.085392072797,0.264714151621,0.064338341355,-0.106706902385,-0.167419940233,0.171813085675,-0.170367479324,-0.199853777885,-0.088480465114,-0.027226019651,-0.160085216165,-0.193851396441,0.213059902191,-0.064539805055,0.200893774629,-0.278441160917,0.045869570225,0.126528859138,0.013256614096,0.028406180441,0.017283214256,-0.339234739542,-0.018577642739,-0.122158534825,-0.076357938349,0.098957337439,-0.156581729650,-0.459577709436,0.085997730494,-0.147125169635,-0.134427770972,0.173137739301,0.020674314350,0.079630814493,0.010275121778,-0.338662356138,0.134049728513,0.041080825031,-0.084081277251,0.050470821559,-0.034955948591,-0.155750021338,-0.067959018052,0.178949207067,-0.056880071759,0.050582997501,-0.178209766746,-0.101309880614,0.125642299652,-0.010894772597,-0.471481770277,0.024036221206,-0.043774086982,-0.073366150260,0.133437216282,0.208252757788,-0.142656922340,-0.142995595932,0.159860193729,-0.012769186869,0.063310921192,0.266659796238,-0.091451309621,0.381660729647,0.078321106732
-0.063966542482,-0.263903677464,0.109866298735,0.030217314139,0.009250202216,-0.061858363450,0.084466166794,-0.133400350809,-0.449038892984,0.030683005229,0.077123433352,0.034874584526,-0.193526759744,-0.065766818821,-0.211817651987,0.194833993912,-0.030717035756,0.087055504322,-0.122639395297,0.074771672487,-0.191045060754,-0.011805332266,0.068157002330,-0.353516191244,0.063783228397,-0.046614669263,0.176239162683,-0.019691007212,-0.006567721721,-0.017439948395,-0.003616070841,-0.028426591307,0.019058914855,0.263154357672,-0.050856646150,0.355696678162,-0.064545847476,-0.010254333727,-0.002042168751,0.239702418447,-0.189307183027,0.095188513398,-0.141515597701,0.159573033452,-0.079989157617,-0.152860134840,0.015003883280,0.187974631786,-0.013920216821,0.385684400797,-0.250672906637,-0.247898906469,-0.086938954890,-0.360444158316,-0.239912703633,-0.042257394642,-0.114151805639,0.176490649581,-0.008925480768,0.601197063923,-0.015804683790,0.128659874201,0.009032834321,0.197139143944,0.101543456316,0.054927453399,0.496727406979,-0.198043093085,-0.199871554971,-0.033888116479,0.093490615487,-0.207478597760,0.001974104671,0.095033131540,-0.356086164713,0.426170915365,0.137796282768,-0.069634206593,-0.075249575078,0.207265928388,-0.098690070212,0.006884631235,-0.050700526685,-0.013150843792,0.176564887166,-0.002037884435,0.068765625358,0.169710233808,0.119210451841,0.103043325245,-0.374142944813,-0.200338006020,0.063962444663,0.077698424459,-0.114183917642,-0.190662011504,0.058643434197,-0.127869904041,-0.066395096481,-0.035160679370,-0.129018619657,-0.611151218414,0.035420168191,-0.423135221004,0.170527219772,0.194538816810,0.121405482292,0.400585711002,0.236177757382,-0.038397390395,-0.240976303816,0.107162281871,0.057155564427,-0.172679424286,0.059948246926,-0.087397255003,0.068674400449,-0.013643117622,0.076343111694,0.022289408371,0.094687342644,0.025593999773,0.019157091156,-0.027146372944,0.217143103480,-0.112999521196,-0.022943429649,-0.026443632320
0.375663936138,-0.036580882967,-0.128321900964,-0.176696240902,0.020240550861,-0.046688459814,-0.293092846870,-0.139803856611,-0.397143572569,-0.111047767103,0.157148718834,0.088987641037,0.271231591702,-0.015871813521,0.001640041941,0.056910768151,-0.079834684730,0.044877517968,-0.045391544700,-0.192813947797,-0.068659156561,0.100687861443,-0.104690022767,0.104929067194,0.044083464891,-0.028343642130,0.115525595844,-0.012806301937,-0.037391562015,0.014883086085,-0.034099008888,-0.207856774330,0.219662949443,0.012972814031,-0.011066377163,-0.014506686479,-0.214153811336,0.333863019943,0.034839786589,0.237071603537,0.140425235033,0.009127993137,-0.166946053505,0.061455477029,0.040762379766,0.250644296408,-0.007622227073,0.111757799983,0.002720670309,-0.085594803095,0.325170278549,-0.112823128700,0.022318368778,-0.034746419638,0.112586028874,-0.376912802458,-0.048019632697,0.045984677970,0.001233456773,0.190076112747,0.006144566927,-0.108247600496,0.025740092620,0.221756666899,-0.030303059146,-0.073746830225,0.100183688104,0.224762558937,-0.302558094263,-0.155699998140,0.152692064643,0.169424384832,-0.021235471591,-0.006082457956,-0.064465075731,0.140231326222,-0.065417341888,-0.125783845782,-0.052477393299,0.020829176530,0.019567519426,0.001775167650,0.027819916606,-0.019970253110,-0.035238090903,0.038455896080,0.174720972776,0.106789633632,0.105943024158,0.170332238078,0.067432925105,-0.076813265681,0.155834540725,-0.104171656072,0.020819852129,0.207010015845,-0.031390644610,0.260143727064,0.005932952743,0.067973151803,-0.132366225123,0.040652804077,0.171827822924,0.146988973022,-0.016467940062,-0.132587119937,0.070637419820,-0.012393878773,-0.044878322631,0.165620341897,0.116118296981,0.104409128428,-0.169161692262,-0.215476810932,-0.115658879280,0.117825120687,0.043312996626,-0.083539284766,0.226217418909,0.015933353454,-0.167524218559,-0.213484838605,0.085370488465,0.056690271944,-0.094828777015,-0.009157050401,0.145008429885,-0.163221240044
-0.179634168744,0.131486520171,-0.195465117693,-0.993265748024,-0.824785709381,0.022871309891,0.314852476120,-0.091903209686,-0.448174953461,0.326607495546,0.032682746649,0.267680436373,0.221107870340,-0.327143281698,-0.398507654667,0.111005313694,0.164529472589,0.243018224835,-0.706909179688,0.091561987996,0.720515012741,-0.631070435047,-0.183589518070,-1.246562123299,-0.618090331554,-0.092437125742,-0.689184725285,-0.008283335716,0.640227019787,0.586827397346,0.140619799495,-0.673894464970,0.390632390976,0.404597431421,-0.362497478724,-0.363858014345,0.333305627108,-0.381349533796,0.271921873093,0.187873825431,0.284292399883,-0.083662107587,0.912622213364,-0.128079548478,0.411271601915,-0.012869052589,0.341401308775,-0.412593930960,-0.697106719017,-0.485758930445,0.597422242165,0.877624571323,0.051618438214,0.607063472271,0.169297695160,-0.075642816722,-0.623505890369,-0.170099556446,0.178998768330,-0.213759869337,-0.209083914757,-0.468873471022,-0.265282541513,-0.137508153915,-0.199205219746,-0.212683856487,0.606536626816,0.031370669603,0.385313838720,0.114932872355,-0.134878426790,0.230143055320,0.072671160102,0.315643489361,0.901123285294,0.509021103382,0.441705614328,-0.171738192439,-0.172930106521,-0.694168925285,-0.126694589853,-0.936676204205,-3.591258049011,-0.264364629984,0.379034280777,0.462883293629,0.216393604875,0.444298446178,0.636394381523,-0.257741272449,0.161618068814,-0.855491042137,-0.668034195900,-0.315449506044,-0.397359877825,0.041935946792,0.011314674281,1.041845321655,-0.203752845526,0.080284304917,-0.608544886112,-0.029536180198,0.132381752133,-0.810714066029,-0.541199386120,-0.737140834332,0.527540564537,0.235434636474,-0.753296732903,0.479261130095,-0.351827830076,-0.046309202909,-0.499254792929,-0.088198170066,-0.342482954264,0.077733151615,0.101890161633,-0.347680240870,0.681305706501,-0.056119374931,0.179680109024,-0.049077935517,0.091497458518,-0.288396507502,0.035643268377,0.093164928257,0.529783964157,-1.272588253021
0.036155872047,-0.043912712485,0.216345161200,0.265985161066,-0.084641315043,0.192991077900,0.036562588066,-0.125952914357,0.053185787052,-0.192909836769,0.168438106775,0.145113468170,-0.023812174797,-0.084439508617,-0.065925523639,0.087711296976,-0.014027823694,-0.128742486238,-0.121000789106,0.125719860196,0.129806250334,0.310399085283,0.100052058697,-0.047326102853,-0.128918081522,-0.179585725069,0.077242784202,-0.025986891240,-0.011573256925,0.077115647495,-0.012867308222,0.079704836011,-0.157894715667,-0.191837787628,0.062723599374,0.098233118653,-0.164230540395,-0.061978362501,-0.164877265692,-0.132063537836,-0.082075737417,0.333922624588,0.086847074330,-0.022628514096,-0.008478057571,0.010248980485,0.034592140466,-0.329939812422,0.010201105848,0.298592239618,0.052328467369,-0.084436640143,0.304290890694,0.265974283218,-0.178957924247,-0.027651295066,0.165202572942,-0.276556789875,-0.024866206571,0.030633412302,-0.123610094190,-0.044496688992,-0.210532516241,0.145930528641,-0.226253286004,0.205441892147,0.011796136387,-0.013575234450,-0.171763107181,-0.169437021017,0.108151949942,0.026702016592,-0.018208632246,0.067944616079,-0.196099981666,-0.026805128902,0.016363250092,-0.100299730897,0.019731501117,0.127934113145,0.103606246412,0.113183215261,-0.063922479749,-0.040263008326,-0.192608103156,-0.163227021694,0.021557835862,-0.053399700671,-0.009900031611,0.033497884870,0.183553904295,0.126599699259,0.147540047765,0.136454671621,0.054382044822,-0.034199006855,-0.001152459648,-0.005079186056,-0.098642751575,0.154015466571,0.002322863322,-0.026674693450,-0.080373071134,0.002465389203,0.003607214894,0.079602144659,0.019128333777,0.041014723480,0.040124587715,0.123093880713,-0.012143868953,0.174751326442,-0.041788384318,0.257444798946,-0.141187667847,0.213719844818,-0.045873217285,-0.287207901478,0.259433448315,-0.120956160128,-0.087787032127,-0.041169337928,-0.188396841288,0.151913136244,-0.086178623140,0.119454592466,-0.084214597940,0.011938868091
0.048093125224,0.063737161458,-0.072180330753,0.164510443807,0.136838078499,-0.011645138264,-0.207281678915,0.038369253278,-0.011572944000,-0.045944884419,0.024324461818,0.090993858874,0.095749564469,-0.160551384091,0.038252033293,-0.100173138082,0.154166653752,0.086122296751,-0.208168298006,0.161960214376,-0.132350146770,0.117212094367,-0.192686140537,-0.153489127755,-0.206054523587,-0.000407592976,0.208321005106,-0.000384679792,-0.112977974117,-0.136561632156,0.080023132265,-0.145087018609,-0.193960413337,0.152268543839,-0.129002347589,-0.018466565758,-0.101499333978,0.063775129616,0.097526371479,0.209179669619,-0.073627986014,0.029514668509,0.009166216478,0.025513010100,-0.094617009163,0.068025201559,-0.104735113680,-0.010794949718,-0.056590642780,-0.102344676852,-0.166292697191,0.057748213410,0.064358606935,-0.206859305501,0.022715587169,-0.072713330388,-0.180442214012,0.076055258512,-0.108587525785,0.054741822183,0.176225796342,-0.055908713490,0.140203848481,-0.114463731647,0.039809547365,-0.156170815229,0.199248135090,-0.202420368791,-0.139319360256,-0.062250766903,0.098026067019,0.050787746906,-0.010993551463,0.210896775126,0.165320172906,0.099522151053,-0.164090633392,-0.042480163276,-0.194046795368,-0.105727724731,-0.138920441270,-0.005318977870,0.103225700557,-0.141647368670,-0.025494745001,0.130343869328,0.160671845078,-0.106787376106,0.169312030077,0.016750762239,0.046993326396,0.083094753325,0.200978487730,0.012243214063,-0.041927546263,-0.150642037392,0.050925705582,0.121784187853,0.057381767780,-0.194310858846,0.011446597055,0.136283025146,0.098400026560,-0.216885402799,0.037014715374,0.042415007949,-0.076504386961,-0.173096552491,-0.084681823850,0.043053764850,-0.062552332878,-0.180357187986,-0.210201546550,0.073058091104,-0.197623461485,-0.099538564682,0.205009460449,-0.113424293697,0.142395809293,-0.055478040129,0.089286178350,0.033324223012,-0.173315912485,-0.084716171026,0.107752710581,0.096356600523,-0.209516510367,-0.080875478685
0.136896833777,0.071819357574,0.095148541033,0.105763711035,0.162102282047,0.106167018414,0.034320883453,-0.042611133307,0.153720140457,0.170817404985,0.043962322176,0.043228674680,0.060553681105,-0.191808655858,0.155050978065,0.146821558475,-0.047984838486,-0.162242233753,0.070203572512,-0.106435254216,0.129844158888,-0.061558622867,0.038904964924,0.090436339378,0.086508050561,0.213718354702,0.160784423351,-0.018726505339,0.013745463453,0.079810664058,0.040383737534,0.138692498207,0.016426576301,-0.023147664964,0.152633696795,-0.070820011199,-0.042095623910,0.101324088871,0.076837435365,0.065519876778,-0.182691574097,-0.153023883700,-0.054454449564,0.086600571871,-0.039281345904,0.332646638155,-0.016980562359,-0.061730802059,0.046040389687,-0.091044254601,-0.058296535164,-0.019240535796,-0.057324294001,-0.086519658566,-0.014950366691,0.253073662519,0.244076743722,-0.016562556848,-0.047140177339,-0.123391374946,0.020285995677,0.081139855087,0.001120624365,0.023536231369,-0.075871393085,0.034088697284,-0.013247210532,-0.063560508192,0.019432455301,-0.079621441662,-0.021092522889,-0.235146000981,0.779237031937,-0.118814021349,0.096117570996,0.085432752967,0.047557346523,-0.131176963449,-0.184877723455,-0.036171603948,0.071988165379,-0.043349195272,0.115492314100,0.149232685566,-0.010439912789,-0.065071821213,-0.066963635385,0.010677029379,0.024861311540,0.008818357252,-0.072386369109,0.062708526850,-0.019019247964,0.077356569469,0.119262561202,-0.133333176374,0.154851287603,0.035098630935,0.068744152784,-0.035156778991,-0.067726418376,0.042595341802,-0.126682937145,-0.005135902669,0.056612562388,0.083283774555,-0.042321823537,0.065427511930,0.027649693191,-0.083251215518,0.087219670415,-0.051229357719,0.261227995157,-0.160711035132,0.179171159863,-0.133031427860,0.014329608530,0.010476806201,0.112763851881,0.031788997352,0.026378154755,-0.024393709376,-0.146981135011,-0.066137515008,0.116647213697,0.043013580143,-0.035484876484,0.128181263804
-0.072375327349,-0.063064627349,-0.144333213568,0.026187112555,0.323757082224,0.018836669624,-0.218458727002,0.013589207083,-0.304987877607,-0.082858197391,0.200308114290,0.172081485391,0.079531706870,0.041712991893,-0.084349319339,0.270161509514,-0.121274143457,0.137189239264,-0.216094940901,0.184064000845,-0.115960888565,-0.018444553018,-0.038866396993,-0.024275386706,-0.000175810332,-0.121397018433,-0.020635167137,0.091896101832,-0.008344708942,-0.223465934396,-0.051582217216,-0.313990682364,0.060014951974,0.293008744717,0.019707420841,0.286448389292,-0.085066013038,-0.301417976618,0.168085083365,0.064088940620,0.105406403542,0.023354625329,-0.231036141515,0.120837949216,-0.107421159744,-0.046203933656,0.020112494007,0.172529250383,-0.246004030108,0.223752051592,0.256225317717,0.276257276535,0.038580827415,-0.170217290521,0.446486055851,-0.362052351236,-0.204744085670,-0.032189998776,0.090550355613,0.283457100391,0.035094775259,-0.028041552752,-0.155733957887,0.021799392998,0.214688375592,0.053420566022,0.106566444039,0.080590866506,0.227542236447,-0.277618825436,0.053451366723,0.138084068894,0.024065030739,-0.123554460704,0.143904179335,-0.233006134629,-0.049123600125,-0.163987144828,-0.149770528078,-0.079650998116,-0.070368826389,0.034883718938,0.076703712344,-0.240116789937,0.388089269400,0.028074195608,-0.026685765013,0.132678449154,-0.064035259187,-0.292889654636,0.133998379111,0.081642948091,0.025608355179,-0.056511882693,-0.069820195436,0.036835920066,0.088600337505,0.224427357316,0.431623637676,-0.562150299549,0.382225275040,0.470333695412,0.213326647878,-0.345709562302,-0.290965437889,-0.527765512466,-0.388887196779,0.038870878518,0.038345228881,0.104356884956,0.128067523241,-0.144599065185,-0.045967258513,-0.271372646093,0.010899538174,-0.167339771986,-0.021879984066,-0.153009101748,0.388041764498,0.271471500397,0.028315464035,0.167036101222,0.225918814540,0.073026888072,0.324632287025,-0.130916759372,-0.211721226573,-0.150737583637
-0.242598354816,-0.118905708194,0.153992906213,-0.158115655184,0.044744931161,0.314282059669,0.079435370862,0.052298232913,0.226711124182,0.022294599563,-0.019851690158,0.238169372082,-0.200695142150,0.195263832808,0.005347048398,0.135735124350,-0.160109996796,-0.036198116839,-0.155482545495,-0.125354483724,0.111010462046,0.022794857621,0.134192496538,-0.151288509369,0.016051672399,0.477991640568,-0.070737875998,-0.049506887794,-0.013384471647,0.060109488666,0.121146731079,-0.062787331641,-0.015898337588,0.198501065373,-0.031389072537,-0.346034497023,-0.053409967571,0.387256771326,-0.171527475119,0.046535264701,0.758549451828,-0.181964665651,0.005258282647,0.046873070300,0.194916918874,0.033887602389,0.017567507923,0.304404050112,-0.186350345612,0.176673114300,0.121462449431,0.075197935104,0.069863177836,0.303458839655,-0.126681312919,0.244245335460,0.090541325510,-0.023505704477,-0.044545836747,0.037903986871,-0.107250295579,-0.122536741197,-0.347345232964,-0.144778490067,-0.086886622012,-0.008768516593,-0.172634810209,-0.050769425929,-0.231753706932,-0.096007041633,0.256437689066,-0.049659814686,-0.004385371227,0.093107387424,0.065414674580,-0.082732856274,-0.114420250058,0.075573474169,0.693035244942,0.223840743303,-0.599699199200,-0.010035322048,0.038903586566,-0.128095254302,0.029241388664,-0.506569504738,0.138732388616,-0.018895942718,-0.317772746086,-0.155768960714,0.266669183969,0.174979642034,0.273913860321,-0.160783678293,0.055684067309,-0.111324585974,-0.117065191269,-0.302956789732,0.006199913099,0.028463473544,-0.091647945344,-0.154859319329,0.133933708072,-0.248143181205,-0.108885169029,0.425745278597,0.281101405621,-0.192243888974,-0.235322043300,0.236772060394,-0.159409672022,0.103089928627,-0.269891440868,0.250403225422,-0.191844403744,-0.076486192644,-0.028634058312,-0.321886241436,-0.031596999615,-0.136789545417,-0.129878401756,0.073618493974,0.162032097578,0.042052946985,0.273454159498,0.456287115812,-0.050090797246,0.083111554384
-0.258765757084,0.059410776943,0.241399079561,0.007889777422,-0.049637254328,-0.090637482703,0.063703633845,-0.214983060956,-0.041258610785,-0.230094119906,0.134478241205,-0.081661023200,-0.013866043650,0.099918879569,0.203545644879,-0.046474669129,0.046075839549,0.113300725818,0.129273116589,-0.190826281905,0.154230237007,0.155069380999,-0.028736511245,0.198597952724,-0.102401621640,-0.058941919357,0.055161859840,-0.082261212170,0.078332819045,0.013392639346,0.154930874705,0.024201607332,0.327367067337,-0.003406700213,-0.080493971705,-0.052644010633,0.253802627325,-0.190402567387,-0.084232099354,-0.014358808286,0.373689711094,0.243165001273,0.031595256180,-0.175741881132,-0.098235532641,-0.010318622924,0.087495751679,0.226331606507,-0.094047874212,0.294312685728,0.005963828880,-0.027097806334,0.277300298214,0.070964053273,-0.073769912124,0.394214987755,0.482447564602,0.058102149516,-0.066742867231,-0.016865883023,-0.126188918948,0.202946409583,-0.003589646192,-0.381622493267,-0.116949722171,-0.184157520533,-0.013934365474,-0.063693605363,-0.187617227435,-0.105210706592,-0.034733485430,-0.368797540665,-0.068827159703,0.238299086690,-0.021814852953,-0.027303300798,0.142517715693,-0.093593373895,-0.020535927266,0.208520486951,-0.076323717833,0.089907757938,-0.058519277722,-0.076821997762,0.002236673376,0.044522475451,-0.004732983187,0.429482311010,0.224381029606,0.117988243699,0.018857080489,0.071421511471,0.026247825474,-0.021995078772,-0.048358984292,-0.127179861069,0.251017928123,0.110043406487,0.002993462607,0.084640473127,0.146327614784,-0.063183732331,-0.269573241472,-0.028415802866,0.098863959312,0.153580784798,-0.066477857530,0.152576282620,0.122032701969,0.179536134005,-0.064112529159,0.008791164495,0.116793952882,-0.097230874002,0.375995904207,0.264414727688,0.075794182718,-0.144078522921,-0.039121024311,0.005944949575,-0.080726623535,0.045207642019,0.085676878691,-0.053628642112,-0.054168332368,-0.095190294087,-0.181040093303,0.050095539540
-0.204355791211,-0.037187829614,-0.072198398411,0.133236274123,-0.068528145552,0.215830326080,0.177575796843,-0.076270610094,-0.026072653010,-0.205197975039,-0.055736687034,0.034611806273,-0.060647234321,0.038054808974,0.111851103604,-0.110297106206,0.041727017611,-0.019510516897,0.186884358525,0.142973214388,0.030344739556,0.004290520214,-0.193179428577,-0.235954716802,-0.001941191498,0.019842736423,0.030202282593,-0.127377226949,-0.005325770937,0.153094023466,0.171711415052,-0.024640306830,-0.131620556116,0.169635042548,-0.124137148261,0.345267117023,-0.197539150715,0.129845425487,-0.024516966194,0.427703738213,-0.157538458705,-0.082054473460,0.149015590549,-0.152649357915,0.176873952150,-0.052758801728,0.162217766047,0.137965232134,-0.200695544481,-0.262629687786,-0.162802442908,0.158911794424,0.019902512431,0.056922063231,0.046860881150,0.170248359442,-0.100404471159,0.309953689575,-0.072564184666,0.163449242711,-0.310061931610,-0.240356072783,-0.028979945928,0.192898213863,0.135387256742,-0.328785508871,-0.082088261843,0.069852598011,-0.164537325501,-0.104431517422,-0.013615537435,-0.005300132092,-0.063070155680,0.263067156076,0.058977622539,-0.146080866456,0.255508780479,-0.049601852894,0.231058254838,0.365168333054,-0.202216893435,0.240486055613,-0.048394337296,-0.061357848346,-0.267902135849,-0.008333588950,-0.064991720021,0.072358474135,0.012086194940,-0.111538469791,0.299227416515,-0.016568867490,0.139114022255,-0.079055301845,-0.126267552376,0.023665567860,0.007416821551,0.095114730299,-0.101118065417,-0.141046389937,-0.071705065668,0.035318765789,-0.314732849598,0.061575494707,-0.154589980841,-0.129936054349,0.170763030648,-0.078827388585,0.029831824824,0.226287797093,-0.008105524816,0.071564868093,0.316281408072,0.455679774284,-0.138851299882,0.720268011093,0.128604754806,0.111810050905,0.032056413591,0.127878740430,0.149682730436,-0.261332452297,0.007486592978,0.029393339530,-0.126215085387,-0.028144899756,0.170082896948,0.053477443755
0.336634278297,-0.077180653811,-0.628262877464,0.160448655486,0.047348622233,-0.329957425594,0.221880614758,-0.210578814149,-0.116564951837,0.382460176945,-0.175684854388,-0.661046266556,-0.411237388849,-0.223294883966,0.148022130132,-0.067352294922,0.542840242386,0.128925427794,-0.017879270017,0.194358065724,-0.458417564631,-0.701814889908,-0.180677294731,-0.204868048429,-0.083407856524,0.586640596390,0.166242018342,0.152263551950,-0.780736505985,-0.364923477173,-0.283403098583,0.049386110157,0.341776281595,-0.208376258612,0.320907413960,-0.019591003656,0.044909849763,-0.210588991642,-0.543774068356,0.916491806507,-0.078547194600,-0.348197221756,0.053111866117,0.038339871913,0.331634908915,0.088672846556,-0.122808545828,0.127565443516,0.109270490706,0.453183174133,-0.129269972444,0.175101384521,0.085535086691,-0.692248821259,0.163152560592,0.182593822479,0.207557454705,0.052040286362,-0.016837591305,-0.010901206173,-0.772194445133,0.339358687401,1.010133266449,0.084544241428,0.239584594965,-0.040462896228,0.184559553862,0.265139430761,-0.045208737254,0.428928554058,-0.547276794910,-0.131534233689,0.011287546717,-0.038721300662,0.095714323223,0.034012261778,0.198633477092,-0.589224636555,0.004268390592,-0.636373817921,-0.162195563316,-0.544339895248,0.306568056345,-0.403065264225,0.174251005054,0.257122904062,0.110798358917,-0.305472105742,-0.234283953905,-0.133744388819,0.300990343094,-0.057607486844,-0.723990023136,0.246501371264,-0.365698099136,0.182741239667,-0.804417848587,0.346671581268,-0.141020670533,-0.453590214252,-0.042178489268,-0.164277598262,0.031709544361,-0.192720979452,-0.294764339924,0.342738807201,0.426194489002,-0.387834548950,-0.676224231720,-0.106361217797,0.057753831148,0.023425435647,-0.596254229546,-0.239600211382,-0.461715012789,0.002033810830,-0.177826508880,-0.249254181981,0.500312924385,-0.066757194698,-0.034641049802,-0.286833733320,0.273317337036,-0.166365027428,-0.301786512136,0.011369789951,-0.022160559893,-0.054922729731
0.305485278368,-0.318438351154,-0.091228373349,-0.092457450926,-0.160143494606,-0.015960063785,-0.060841724277,-0.039201095700,0.082639597356,0.296766042709,0.183362871408,-0.134548932314,-0.027335247025,0.014690387063,0.139846965671,-0.053103558719,0.112599141896,-0.393265515566,-0.080214910209,0.089394614100,-0.015297084115,-0.033890325576,0.106310054660,-0.206534132361,-0.152287960052,-0.226896509528,0.106850512326,0.017930308357,0.018560815603,0.042236384004,-0.045744970441,-0.110650770366,-0.100058883429,0.014456078410,0.097332701087,0.153295308352,0.019722113386,-0.047802578658,0.060703866184,-0.160568967462,0.584761202335,0.119346514344,0.040065672249,-0.130705446005,-0.522199988365,-0.123126186430,0.020226202905,-0.002100535436,0.104209050536,-0.173703446984,0.061134882271,0.030605548993,0.009171535261,-0.201618954539,0.153832376003,-0.015392604284,0.201674416661,-0.237072035670,0.066813945770,-0.060547478497,0.133336052299,-0.121524088085,0.191568791866,0.520473301411,0.130480140448,0.046024065465,0.110118836164,0.039094243199,0.316168993711,-0.001162374741,0.130677819252,-0.194256290793,0.123692162335,-0.035795230418,-0.011450280435,-0.160742864013,-0.035827305168,-0.068827509880,-0.276226878166,-0.294615209103,0.083319976926,0.064781777561,-0.059219643474,-0.085886240005,0.097291626036,0.077862270176,-0.028734033927,-0.323738127947,0.001649251441,0.011873911135,0.193198189139,0.076829209924,-0.002846868010,-0.171646878123,-0.066317088902,0.100596338511,-0.126894861460,-0.137357696891,0.050748389214,-0.073552154005,-0.001950558042,-0.030280539766,-0.052104972303,0.178759768605,-0.137798979878,-0.288737714291,-0.107828587294,0.118698328733,0.012432130985,-0.021107640117,0.173060074449,0.093208678067,0.251530349255,-0.183169022202,0.151000753045,0.207593157887,0.028202144429,0.045551408082,0.045894794166,0.041520431638,0.068786926568,-0.529435515404,0.192003831267,0.069662943482,0.066720679402,0.037648156285,-0.012395766564,-0.046802703291
0.164037987590,0.019870873541,-0.002162190620,0.257161170244,-0.117684237659,-0.093997120857,-0.088971108198,-0.190862178802,-0.037537388504,0.234861031175,0.215178951621,0.525544166565,-0.002861343324,0.113432377577,0.115620404482,0.108870074153,0.065976127982,0.337997108698,0.183785676956,0.017496105283,-0.344545394182,-0.123115405440,-0.018858022988,0.084383264184,-0.124321810901,-0.108529485762,0.437474846840,-0.035552795976,-0.136778891087,-0.062710464001,0.025794165209,-0.104215428233,0.295972555876,0.097686871886,0.058395843953,0.226067498326,-0.055354885757,-0.299851208925,-0.069055214524,-0.224669963121,-0.001332978369,0.092420838773,0.036699019372,-0.156805828214,0.836541354656,-0.276562899351,0.000373416318,0.032342579216,0.031516443938,-0.106616072357,-0.056908328086,0.088724158704,0.042813830078,-0.046412512660,-0.000273012265,-0.231545269489,-0.105566814542,-0.044303853065,0.013656504452,-0.109778203070,-0.152618005872,0.026157392189,0.015238059685,-0.281877785921,0.014978098683,-0.031460218132,0.063827820122,-0.013135531917,0.188595607877,-0.227518424392,-0.018164912239,-0.198517099023,0.006697708741,-0.073448561132,-0.094142869115,-0.021324578673,-0.125446826220,0.035408072174,-0.158726185560,-0.130007967353,0.175475686789,0.041565440595,0.099693402648,0.270649820566,0.051025494933,-0.130869835615,-0.050377774984,-0.124758206308,0.124540619552,-0.007006442640,0.159032523632,-0.172384440899,-0.104056879878,0.022027457133,-0.006753523368,0.016457112506,0.055686715990,0.090429157019,-0.135746777058,-0.051775354892,-0.031013714150,0.041500322521,-0.228770419955,0.001718812506,-0.041519917548,-0.119824796915,-0.101514063776,0.018847450614,0.248018085957,-0.077787630260,0.278423577547,0.042862772942,0.013290521689,0.254267334938,0.139920160174,0.190542250872,0.025753302500,0.048864871264,0.001353697968,0.051218807697,0.018075348809,-0.369197368622,0.059042211622,-0.036966115236,-0.148757666349,0.000028834487,-0.087991647422,0.139211058617
0.280907422304,-0.021900074556,-0.219665229321,-0.006219587754,0.234377846122,0.081122264266,-0.113426536322,-0.159560829401,-0.028912656009,-0.390295684338,0.142705827951,0.101490221918,-0.189855113626,0.079549722373,-0.046859037131,-0.106886610389,0.008371364325,0.052582051605,0.142060279846,0.127142608166,0.239654496312,-0.034866884351,0.014885788783,-0.076787151396,-0.094392783940,0.233498036861,0.042356885970,-0.034553077072,0.025302283466,0.053945127875,0.025555361062,0.345022737980,0.299814432859,0.040925495327,0.020379969850,-0.209162101150,-0.020080510527,0.023475503549,-0.012804700993,0.160214483738,-0.341418176889,0.131145745516,-0.203193053603,0.007846712135,-0.100706830621,-0.229633554816,0.007793717552,0.030027238652,-0.013244937174,0.065243348479,-0.196071177721,0.349540770054,-0.005820807070,-0.037661232054,0.178568780422,-0.125080049038,0.047806538641,0.293012499809,0.013990495354,-0.024655945599,0.029619187117,-0.039923518896,-0.040505800396,-0.213841035962,-0.104268439114,0.010920017958,0.757567048073,-0.082405470312,0.482546150684,-0.063133709133,0.046884596348,0.052792605013,-0.008995470591,-0.061016444117,0.029376717284,-0.170452758670,-0.001093183062,-0.063965924084,-0.050806812942,-0.059055406600,0.351978987455,-0.004313336220,-0.243225738406,-0.358143478632,0.020767018199,0.013446033932,-0.069941252470,-0.216300174594,0.066219463944,0.033513631672,-0.182025164366,-0.289020985365,0.069443188608,0.075579695404,-1.972235321999,0.730122268200,0.012971256860,-0.178962066770,-0.194464504719,0.386243373156,-0.129696547985,-0.114794217050,0.011335274205,0.063770435750,-0.759814858437,-0.140909090638,-0.166383370757,-0.008559099399,-0.034132368863,-0.067677006125,0.220300421119,-0.062900446355,-0.071589775383,0.083903945982,-0.062129069120,-0.023349899799,0.002419575118,-0.172674298286,-0.006203489378,-0.067104890943,0.890213787556,0.354755312204,-0.453268349171,0.092570364475,-0.132118776441,0.133829653263,0.286974608898,-0.037096422166
-0.131272539496,0.005152427126,-0.078785605729,0.353509515524,0.087089262903,0.189415231347,-0.235700741410,-0.101282678545,0.011227646843,-0.022015571594,0.320651918650,0.016636103392,-0.487546533346,-0.069443166256,0.016246246174,0.017702709883,-0.015815809369,-0.069276846945,-0.303213804960,0.199054077268,0.122885309160,-0.101436570287,0.103290051222,0.206404104829,0.103451997042,-0.043026577681,-0.151195615530,-0.026976943016,0.046407438815,0.064571842551,0.021946597844,0.213246285915,-0.143961250782,0.162068277597,-0.087536647916,0.091316960752,0.069361858070,0.233017116785,0.047194521874,0.319604277611,-0.226371601224,-0.016467357054,0.005813790485,-0.036831889302,-0.024786712602,-0.194336399436,0.024766495451,0.196626335382,0.025334337726,0.341888576746,-0.131540879607,0.388837724924,-0.139144137502,0.178576722741,-0.137248888612,0.179536238313,0.002908645198,-0.230465918779,-0.050913650542,-0.215533539653,0.053558461368,-0.129094079137,-0.049927186221,-0.076507598162,-0.154490366578,-0.092106722295,0.226382240653,-0.436263740063,-0.156507134438,0.185994714499,0.084506474435,0.042981289327,0.012467874214,0.083025664091,0.283923238516,-0.066860139370,-0.048327963799,-0.289080798626,0.499000221491,0.023704394698,0.757767796516,-0.129883885384,-0.014163260348,0.530604898930,-0.065218925476,0.085446424782,-0.271430701017,-0.362670838833,-0.004334265366,0.121286466718,0.554839611053,0.060065731406,0.044638521969,0.166432514787,0.788609802723,-0.122657649219,-0.118640556931,-0.135401621461,0.106423735619,0.016980789602,0.078887976706,-0.377284139395,0.039118234068,-0.025099609047,0.265945017338,-0.166102319956,-0.247765183449,-0.482673227787,-0.293387979269,0.050763569772,-0.007731845602,0.117219537497,-0.162265285850,-0.360140264034,-0.527445316315,-0.141573429108,0.016671281308,-0.185552105308,-0.082155905664,-0.137993335724,-0.060038261116,0.163393437862,-0.134471863508,0.159640237689,0.195685237646,0.236962452531,-0.419400066137,0.078654341400
0.171870857477,0.316407293081,-0.265664637089,-0.050089947879,0.164980679750,0.042437639087,-0.044086936861,0.034375559539,-0.167242884636,0.269360333681,0.106907054782,-0.245613381267,0.177223831415,0.048313315958,-0.024359561503,0.176841661334,-0.006042742170,-0.227030634880,-0.082206666470,0.016027607024,-0.133229225874,-0.127604410052,0.184598997235,0.069953314960,0.152274981141,-0.130593135953,0.098197847605,0.003855813062,-0.019163088873,-0.014663036913,-0.064937315881,-0.091920688748,0.115892283618,-0.120204672217,0.071992158890,0.125780388713,0.338416934013,0.149976998568,-0.150041103363,0.273110538721,0.083116367459,-0.030733857304,0.000913177792,-0.086143583059,0.199118122458,-0.102225013077,0.012583476491,-0.189649343491,0.179342731833,-0.210765644908,0.159485161304,-0.068327166140,-0.110217191279,0.147817134857,-0.168377980590,0.424200505018,0.032622281462,0.026505643502,-0.036560211331,0.012906606309,0.120204932988,0.514510333538,-0.081516757607,0.318241953850,-0.145672768354,-0.014543584548,0.156566753983,0.034706894308,-0.092108860612,-0.042372666299,-0.036415636539,-0.130581840873,0.027586599812,0.026834927499,0.010683827102,0.122588045895,-0.017268806696,-0.302264153957,0.156660303473,-0.168216988444,0.145102158189,-0.030015276745,-0.011695438996,-0.117441676557,-0.231908664107,0.263796597719,0.103409662843,-0.349830627441,-0.017540510744,0.210143193603,-0.046625137329,-0.211528047919,-0.115037187934,0.090390525758,0.011879302561,-0.094315059483,0.049975849688,0.067671842873,0.090415835381,0.126036882401,0.095202945173,-0.157309114933,-0.036694001406,0.080664291978,0.100153870881,-0.241117492318,-0.419644474983,-0.108423620462,0.133937910199,-0.072163924575,-0.091921299696,-0.121855586767,0.088552363217,-0.211580157280,-0.023503631353,0.164419367909,0.022811761126,-0.087187841535,-0.066398970783,0.075670115650,-0.158214926720,-0.170667380095,-0.157545745373,0.077885650098,-0.112222291529,0.002857681829,-0.007658581715,-0.085561156273
0.643184900284,0.089625872672,-0.014373422600,0.292543679476,0.051733016968,0.031528912485,0.105677217245,0.029512308538,-0.109913326800,-0.280984163284,-0.320644080639,0.162147253752,-0.169335320592,-0.075736105442,0.235428482294,0.096868619323,0.799353718758,0.399471253157,0.321717232466,-0.181661322713,0.171114623547,0.111672669649,-0.853103101254,0.220733031631,0.008770186454,0.050453186035,-1.027383089066,0.046465486288,-0.212548837066,-0.016577808186,-0.134236320853,-0.016119858250,-0.239043235779,-0.023924699053,-0.006228354294,-0.463098347187,0.018304420635,-0.141247734427,0.035429742187,0.009233871475,0.238760024309,-0.321374118328,0.331122726202,-0.647389709949,0.058392442763,0.108980849385,0.021380377933,-0.062327817082,-0.005937689450,0.301927328110,0.081937968731,-0.048550777137,0.311674058437,0.138037219644,-0.083292759955,0.045489970595,-0.211303293705,0.013406778686,-0.023452349007,-0.142811551690,0.102645486593,-0.141637593508,0.060334630311,0.073697969317,-0.084283135831,-0.102086588740,0.123678103089,0.049330122769,-0.379834085703,-0.044228743762,-0.017513109371,-0.471128582954,-0.023636329919,-0.451127886772,-0.066839031875,0.138593479991,-0.202760979533,0.057014580816,0.010857558809,0.389559566975,-0.004369671457,0.178638353944,0.002757581417,0.360839873552,-5.796509265900,0.009727839381,-0.114421509206,-0.149697840214,0.035007636994,0.027855116874,-0.163858011365,-0.015810007229,0.042743265629,-0.236446782947,-0.146063059568,-0.101887010038,-0.075197175145,0.168468475342,0.109480440617,0.247825860977,0.004207998049,-0.229620486498,-0.732292056084,-0.070626370609,0.066349767148,-0.327682316303,-0.323635458946,-0.128454551101,-0.127189606428,0.008371626958,-0.328763902187,-0.083157867193,-0.122068665922,-0.197037667036,-0.167277470231,-0.087160140276,-0.025933135301,-0.051304969937,-0.110278233886,-0.431300491095,-0.054893728346,0.007429736201,0.038800247014,0.027784988284,-0.296825051308,-0.127934560180,-0.297627449036,0.142699882388
-0.121058665216,-0.163880228996,0.105413056910,-0.279616177082,-0.094219684601,-0.003226645058,-0.026751376688,0.127608165145,-0.127393633127,0.102845698595,-0.220878809690,-0.305353283882,-0.093241617084,0.401852935553,0.061880946159,0.100599184632,0.071312926710,-0.070793934166,-0.270387440920,0.011346185580,-0.259835690260,0.514958381653,-0.101519912481,-0.096808187664,-0.127354025841,0.079991787672,-0.012789843604,0.005300262943,-0.062501601875,0.049269743264,-0.052808836102,-0.085626564920,0.261957764626,0.096667930484,0.020129418001,0.139925301075,-0.029979182407,0.200452893972,-0.216462031007,-0.276407629251,0.339529991150,-0.035938687623,0.028440047055,0.022103019059,0.154913589358,-0.183895885944,0.003095649881,0.530224144459,-0.051644697785,0.716018557549,-0.021601209417,-0.188592895865,-0.073822990060,-0.085170671344,-0.129875048995,0.055436141789,-0.064423911273,-0.303498804569,0.024247568101,0.070215314627,0.045053400099,-0.273427307606,0.186190426350,0.334804177284,-0.252054393291,-0.044122871011,-0.137046530843,0.008306141943,0.023938542232,-0.353507071733,-0.148436218500,-0.291157186031,0.016983117908,0.111088678241,-0.182104766369,0.179946839809,-0.027202410623,-0.026441659778,-0.023068180308,-0.132392719388,-0.282086163759,-0.027039609849,-0.184128984809,-0.073705144227,0.031990863383,-0.020365905017,-0.076526217163,-0.085950322449,0.164620518684,0.058148171753,0.190369799733,0.157181054354,-0.130197554827,0.064437374473,-0.099988795817,0.004160224926,-0.006566110533,-0.070477180183,-0.018082121387,0.048804469407,-0.022698076442,-0.088395260274,0.081368476152,0.035923395306,-0.233034983277,-0.049714490771,0.205309823155,0.003200347302,-0.124940700829,0.060643408448,-0.022885648534,0.037251923233,-0.004991828464,0.179556652904,-0.032401908189,0.215831890702,0.008883105591,0.235396251082,0.015913683921,0.047058746219,-0.025795547292,-0.094847589731,0.042788293213,0.063986375928,-0.046297978610,-0.111315473914,-0.071597293019,-0.087835691869
0.033149763942,0.039296116680,0.021946784109,-0.030502459034,-0.041577104479,-0.109814867377,-0.002800029935,-0.130505949259,0.033747524023,-0.017377590761,-0.015411830507,-0.008734649979,-0.002318774117,0.009910086170,-0.049952898175,-0.024436354637,-0.021787965670,0.170173853636,0.042407210916,0.064247503877,-0.049399647862,0.032578814775,-0.017384449020,0.071733608842,-0.062973529100,0.014540533535,0.042758364230,0.008969174698,-0.030118195340,-0.080798409879,0.017101975158,-0.017425427213,0.100090704858,-0.131554067135,-0.049439363182,0.014072539285,0.091948606074,-0.043203294277,-0.079276204109,-0.041575603187,0.094666868448,0.115863904357,0.034787911922,-0.013225269504,0.078806251287,-0.060244292021,0.032372828573,0.040431551635,-0.090950354934,0.071735277772,0.013473624364,0.020844060928,0.004691246431,0.088020920753,-0.019667489454,-0.057078916579,0.032124727964,0.029173038900,0.011692524888,-0.000993960188,-0.030722383410,0.073878914118,-0.033470466733,0.027628548443,0.011321976781,0.024218769744,-0.059788279235,-0.018072377890,0.006428147666,-0.001286467887,-0.010983783752,0.101191855967,1.582060813904,0.028663797304,0.000369386224,-0.029408324510,-0.057034511119,0.065199330449,0.030412156135,0.145345598459,-0.033630445600,-0.026486350223,0.049590665847,0.076301455498,0.108894251287,0.020001901314,0.038036182523,0.136470809579,-0.018274225295,0.017701163888,0.063381247222,-0.015391532332,0.015010329895,-0.046968791634,-0.037511441857,0.022873373702,0.047557920218,-0.063252635300,-0.015382050537,0.000289183867,0.096706822515,-0.034145656973,0.143843576312,-0.003440830857,0.012109263800,0.079994358122,0.050066281110,0.004172976594,-0.030573826283,0.026668231934,-0.068082705140,-0.030062913895,0.193249046803,0.036771975458,0.025223147124,-0.111443743110,-0.023667518049,-0.066948048770,-0.067995175719,-0.055967740715,-0.007845768705,0.074095167220,0.022272694856,-0.006334612612,-0.040688462555,-0.018019828945,-0.013203014620,-0.052386026829
-0.020026488230,0.016773987561,0.057874009013,0.222976759076,0.018784908578,-0.027828425169,-0.010685989633,0.183270961046,0.055961102247,-0.227563962340,0.039627701044,0.034191481769,-0.010043977760,-0.018529670313,-0.054191343486,0.022256301716,0.008278355002,-0.378182023764,-0.012373337522,-0.074611768126,0.078264780343,0.017332591116,-0.034902591258,-0.015612491407,-0.058732785285,0.007865099236,0.029939357191,-0.017401706427,0.233885139227,0.126138016582,0.736740410328,-0.029478952289,0.168952539563,0.010633353144,-0.132831111550,0.045135285705,0.016780583188,0.029711188748,-0.005437888205,-0.067939177155,0.155696004629,0.069097146392,0.016828462481,0.011342436075,-0.089498907328,0.267331182957,0.272848963737,-0.046929892153,0.019872941077,0.216117501259,-0.008686301298,0.016190348193,-0.020510768518,0.019495457411,-0.052286930382,0.114741265774,-0.058239962906,0.023794896901,-0.027964551002,-0.000691068883,-0.027801353484,0.040472686291,0.030042778701,-0.082857109606,0.094881504774,0.543399453163,-0.000958670804,-0.009080971591,0.246441572905,0.008478064090,0.055009007454,0.027084676549,-0.231856718659,-0.031733833253,-0.012330648489,0.003931442741,-0.101277947426,0.004675953183,-0.054167028517,0.047247793525,-0.001419199165,-0.008287983015,-0.090359397233,0.221465855837,-0.008610607125,0.008647025563,0.004463445395,0.037720259279,0.016984775662,-0.008499485441,0.136390015483,0.044380016625,-0.050349719822,-0.058722279966,0.000359767175,-0.008368855342,-0.008665475994,0.020186878741,0.001279837801,0.035816330463,0.013430250809,0.030341258273,0.047917917371,-0.004736316390,0.000748739811,-0.064401648939,-0.094106853008,-0.081986650825,-0.047770369798,-0.019605211914,-0.026343211532,-0.053450129926,-0.010006542318,0.028385672718,-0.049259271473,0.087442308664,0.683821916580,0.011596703902,0.011890192516,0.017192564905,-0.038618512452,-0.183351069689,-0.006828180049,0.024251619354,0.011096241884,0.036656010896,0.001825059648,0.017156658694
0.313227266073,0.076407596469,0.130207136273,-0.398990988731,-0.033678144217,-0.438806265593,-0.031887687743,-0.177792251110,-0.268542379141,0.023515651003,-0.091025710106,0.157126381993,0.219546094537,-0.014443570748,-0.002772565698,-0.031305085868,0.084008783102,0.103658951819,-0.523766994476,0.211817473173,-0.159069254994,-0.079747028649,-0.121352888644,-0.242936089635,0.281816005707,-0.003382951953,-0.272514909506,0.020333064720,-0.103689402342,-0.027481248602,-0.077439971268,-0.303742676973,-0.099187493324,-0.166352078319,-0.084773235023,0.136841401458,-0.346269816160,0.080473713577,-0.014571958221,-0.159025624394,-0.097307629883,0.335057616234,-0.104138731956,-0.135314717889,-0.056475229561,-0.030430231243,-0.011786336079,0.144994452596,0.180907800794,-0.114161461592,0.483622133732,0.305443048477,0.262770742178,-0.108623884618,0.219633981586,-0.125131994486,-0.216646328568,0.288398206234,0.127544268966,-0.019716026261,-0.034352030605,-0.014805211686,0.238037630916,-0.282788455486,0.066807158291,0.109782747924,-0.125783324242,0.165880411863,0.673235118389,0.426941245794,-0.181738510728,0.296527415514,-0.024465128779,-0.028589142486,0.086319923401,0.251238524914,0.032621428370,-0.242490723729,-0.308430075645,-0.431689739227,0.283865690231,0.028942404315,0.368770301342,-0.634836018085,0.051067743450,0.203995764256,0.015093685128,-0.060163229704,0.041192609817,0.144559085369,-0.294317394495,0.103056170046,0.061657398939,0.003654114902,0.252134144306,0.228547096252,0.036355167627,0.017780505121,-0.016029037535,0.264899611473,0.329643189907,-0.056416224688,0.092334344983,0.376073598862,0.218455046415,-0.183304101229,-0.145108297467,-0.196819365025,0.329974114895,0.155396923423,-0.313611447811,0.132674217224,-0.120598472655,0.087061487138,-0.003549105255,0.196122959256,-0.083099380136,0.303606003523,0.068368420005,-0.085048913956,-0.113039784133,0.315244644880,0.093536309898,0.038601551205,-0.083765372634,-0.017843576148,0.317142486572,-0.176593109965
-0.715276539326,-0.237786069512,-0.302234172821,-0.351138621569,-0.021441644058,0.062786601484,0.276966691017,-0.112260960042,-0.045610699803,-0.259311974049,-0.092624440789,0.158578649163,-0.204374656081,-0.098836421967,0.047330398113,0.309487432241,0.232485204935,0.451745510101,-0.098894439638,0.031138362363,0.777592360973,0.213281631470,0.157639801502,0.343167603016,-0.175535306334,-0.037358254194,-0.304228663445,0.161397129297,0.542799949646,4.537816524506,-0.048865001649,-0.098160088062,-0.384689390659,0.352115869522,0.365239530802,0.797140181065,0.273922801018,-7.235069274902,-0.260824859142,-0.401502341032,0.433905005455,-0.227289438248,0.154645860195,0.027093462646,0.277174860239,-0.329351127148,0.470931679010,-0.957946777344,-0.377350240946,0.009325467050,0.074664637446,0.138997957110,0.109018735588,0.020529197529,0.137844100595,-0.239685356617,0.127213954926,0.469252228737,0.085692986846,-0.151788681746,-0.007243942004,-0.609909892082,0.283680468798,0.108530431986,-0.121399305761,-1.084326863289,0.158744752407,0.042715422809,0.066382341087,0.097685001791,0.319295972586,-0.154792875051,0.030954165384,0.203344285488,0.078433200717,-0.278196454048,0.043571591377,-0.000258594897,-0.093398012221,0.660610496998,0.333475977182,0.007671185769,0.501041293144,0.247543707490,0.101400390267,-0.535119354725,0.339493721724,0.091597676277,-0.092971742153,0.031634610146,-0.892696797848,-0.304008185863,0.492866396904,0.245216146111,-0.202659130096,-0.108803987503,-0.205607727170,0.091432556510,-0.196183010936,-0.324801713228,0.015179100446,0.129756048322,-0.104389421642,-0.015959830955,0.014530749060,0.078606590629,-0.197896882892,0.166620761156,-0.062738977373,0.254396647215,0.130916088820,-0.192331358790,-0.298914283514,-0.268120855093,0.144857466221,-0.375455081463,0.114838235080,0.089733533561,-0.211966812611,0.296763062477,0.241488963366,-0.254063814878,-0.026984702796,-0.350395411253,0.181210994720,0.492737203836,0.247952356935,0.096181437373
-0.046090479940,-0.046868354082,0.181566655636,-0.068862929940,0.032264012843,0.164802327752,0.058879069984,0.149206757545,0.179854750633,0.197275370359,-0.323786437511,-0.156395658851,0.122498728335,0.012735392898,-0.075728699565,-0.169947162271,-0.106320224702,-0.041997142136,-0.096484221518,-0.183610394597,-0.086046144366,0.276960581541,-0.242727458477,0.080297149718,-0.004293318838,0.062485776842,0.406737595797,-0.018836943433,-0.102393962443,0.022237410769,-0.011618245393,0.081962577999,0.363940060139,-0.237567231059,-0.074583038688,0.087501123548,-0.109201453626,0.185978248715,0.061966843903,-0.406921863556,0.118426844478,0.008079995401,-0.215258821845,0.085070185363,-0.002893417608,-0.118406027555,-0.009798947722,0.047972898930,-0.290312707424,0.402115106583,-0.016977705061,-0.000256778876,-0.014383465983,-0.258751004934,-0.017064610496,0.054389718920,0.275881499052,0.155890420079,-0.025518927723,-0.001298615360,-0.005354322959,-0.120518378913,0.056237176061,-0.017979765311,0.041342318058,0.163971394300,-0.183252483606,-0.013594820164,-0.003440896049,0.046435154974,0.141413480043,0.071015715599,-0.015930412337,-0.050397787243,0.037660818547,-0.123873665929,0.034342121333,-0.097343318164,0.323771357536,0.311731576920,-0.229533195496,-0.027090167627,-0.115898706019,0.078538388014,0.181907281280,0.022289779037,0.028028728440,0.340975612402,0.110928125679,0.043683663011,-0.016907611862,-0.024426432326,0.090991899371,-0.112017102540,-0.069528713822,0.089311793447,0.041557773948,-0.289124161005,0.092994488776,-0.039695248008,-0.101716816425,0.038331232965,0.254058480263,0.237630411983,-0.051650714129,0.258410006762,0.278535872698,-0.040396001190,-0.310034960508,-0.134350314736,-0.033101238310,-0.206240415573,0.200821414590,-0.220175355673,-0.315784126520,-0.139502346516,-0.064722642303,-0.145481541753,0.026330877095,-0.059646092355,0.007037112489,-0.114702127874,-0.152999237180,0.302620679140,-0.007954187691,0.052564863116,0.327780812979,-0.090660236776
-0.191688925028,-0.291341274977,-0.002756284317,0.123818978667,-0.059933189303,-0.174375951290,0.055665004998,0.065615542233,0.264318943024,0.376548111439,-0.146997123957,-0.178769886494,-0.028774658218,-0.058173716068,-0.078075326979,-0.105475530028,0.218227609992,0.191352859139,-0.071691848338,-0.142666488886,0.242652326822,0.215040192008,-0.014912406914,-0.130817040801,0.150485157967,-0.204157531261,-0.339705199003,-0.014382932335,-0.012443440035,-0.042154069990,0.005701543763,0.080067954957,-0.039764650166,-0.119328998029,0.004840907641,-0.072316952050,0.032318849117,-0.034941684455,0.181139722466,-0.114009924233,-0.373163759708,-0.109732151031,-0.095463357866,0.247630879283,0.189602047205,0.038613095880,-0.017448361963,-0.055461075157,0.084232456982,-0.037770874798,0.078899830580,-0.079443335533,0.364781349897,0.135975971818,0.048374418169,0.093109779060,-0.473849773407,-0.073785223067,0.037403091788,-0.023956986144,-0.088577061892,-0.042170729488,0.091259717941,0.015658149496,-0.060882903636,0.035779338330,-0.275662899017,0.090334713459,0.354628026485,0.165526479483,0.152102097869,0.142448037863,0.027527714148,0.059509251267,0.139232516289,-0.009796034545,0.000848843483,-0.271748453379,0.113286212087,-0.324602127075,-0.073750071228,-0.052804075181,0.169623762369,-0.368966996670,0.036990318447,0.097182281315,-0.078281886876,-0.209776207805,0.110090389848,0.060631856322,-0.008039295673,0.161584660411,0.019253125414,0.250679999590,0.191610410810,-0.090495802462,-0.055809460580,-0.103016458452,-0.020669709891,0.043798293918,-0.000703341968,0.158301308751,0.148735329509,0.012358643115,-0.000672359776,-0.067174285650,0.132549807429,0.138178348541,0.088366881013,-0.038379091769,0.007586608641,-0.175897493958,0.192460402846,0.040838439018,0.018616663292,0.061134479940,-0.030552612618,0.010378357954,0.309676140547,-0.049579970539,0.077392980456,0.268505692482,-0.011778489687,0.372150480747,0.177697360516,0.007382994052,0.087602831423,-0.075583927333
0.224201843143,-0.072146221995,0.175727427006,0.000452831155,0.133677005768,0.069809846580,0.035701405257,-0.083240635693,-0.033774472773,0.199981451035,-0.022737687454,-0.307246923447,0.036210287362,0.115622192621,-0.040326755494,0.024967202917,-0.070580892265,-0.055554676801,-0.039462417364,0.029522091150,-0.026054913178,0.112112157047,0.091820947826,0.265662699938,0.101073741913,-0.091556072235,-0.417006522417,-0.029077656567,0.063450492918,0.040266305208,-0.106579385698,0.035500094295,0.161953866482,-0.306996256113,0.034458275884,-0.035871878266,0.195312827826,0.132441848516,-0.091309942305,-0.051076170057,0.228173419833,-0.072035446763,0.147866353393,-0.017897209153,0.014558777213,0.416764795780,-0.008578380570,-0.051656506956,0.084063202143,0.179668545723,-0.104478664696,0.114215016365,0.157861083746,-0.024573672563,0.041664231569,0.174230650067,-0.308076798916,0.121350757778,-0.060737021267,-0.089979439974,-0.107554636896,0.279085844755,0.017667653039,-0.041188500822,-0.244410142303,-0.071443438530,-0.107210040092,-0.066947981715,0.114311255515,0.047086764127,-0.232099428773,0.345289528370,0.019186682999,-0.060691300780,-0.105357192457,-0.023353040218,0.087131731212,-0.010478117503,0.046950481832,-0.016553847119,0.219789266586,0.067314639688,0.094582594931,-0.287352681160,-0.167382866144,0.094978637993,0.059353150427,0.033686187118,0.100795470178,0.145979076624,-0.117386907339,0.016233997419,-0.105995647609,-0.048316005617,-0.081579826772,0.089489027858,0.100260883570,-0.002337427111,-0.092153504491,-0.241332828999,0.150318920612,0.220608487725,0.070038869977,0.066113479435,-0.002749765757,-0.084414735436,-0.000609149109,0.080886818469,-0.054837252945,0.195991516113,-0.278915673494,0.006861679722,-0.092138439417,0.009212533012,-0.205478385091,0.224881142378,-0.092000707984,0.287268251181,-0.025000825524,-0.142336368561,0.179250016809,-0.126382648945,-0.045262195170,0.008731261827,0.161141037941,-0.115864522755,-0.052104581147,-0.060973435640
0.280256390572,0.279451191425,0.007644530386,-0.142732918262,-0.121217526495,0.238151580095,-0.049161627889,0.052780557424,0.179048523307,0.413834005594,-0.074959747493,-0.248488754034,0.027143508196,-0.005904267076,-0.039550021291,-0.071481503546,0.122410997748,-0.485234230757,0.056693732738,-0.152325168252,0.368116706610,-0.131452083588,0.041980784386,-0.306035399437,-0.038065750152,0.194344609976,-0.099978394806,-0.009912570938,-0.078588768840,0.093516014516,-0.061999626458,0.059756491333,-0.223120823503,0.170773193240,-0.057940401137,0.365952938795,-0.140712648630,-0.307962805033,-0.078520670533,-0.175546333194,-0.570512235165,-0.032947581261,0.130773752928,0.040358774364,0.116349950433,-0.201887890697,-0.019387366250,0.672082424164,-0.055868227035,-0.171604633331,0.156371280551,0.079839803278,0.254290461540,-0.059166390449,0.109513372183,-0.266641765833,0.121983028948,0.066453702748,-0.072533652186,0.078843042254,-0.016534864902,0.171782478690,0.044464111328,0.235568180680,0.163277700543,0.107197657228,-0.018687069416,0.001466149348,-0.115843601525,0.348411202431,0.034079499543,-0.020408963785,0.036065738648,-0.012382232584,0.109660275280,-0.093620590866,0.011440023780,0.276208281517,0.200716376305,-0.363128006458,0.397501230240,-0.044597528875,0.255960255861,-0.004865488037,0.073396638036,0.132613778114,-0.001589624211,-0.013474576175,-0.240311518312,0.050014048815,0.375836402178,0.177392080426,0.407598972321,-0.012559942901,0.013342356309,0.044766094536,-0.049310863018,-0.077942252159,-0.006790694781,0.039216097444,0.162542179227,0.053007271141,0.113910481334,0.006382830907,0.044920850545,-0.000670854235,0.013775011525,-0.232797309756,0.049336876720,-0.002152291825,0.050627157092,-0.031553898007,-0.050969388336,0.223128721118,0.347930073738,0.023512076586,-0.107895448804,-0.212136059999,-0.283205062151,-0.015133594163,0.107836455107,-0.151227697730,0.060334246606,0.109197244048,-0.130953162909,0.186016380787,0.071995936334,0.001656314009
